0.2
6.95292e-310
0.2
6.95292e-310
0.2
6.95292e-310
0.123276
6.95292e-310
0.0108299
6.95292e-310
6.95292e-310
6.95292e-310
0.2
0.2
0.2
0.2
0.0138379
0.2
6.95292e-310
0.11481
0.2
6.95292e-310
6.95292e-310
0.2
0.2
0.2
6.95292e-310
0.2
0.114562
0.0667936
0.2
6.95292e-310
0.2
6.95292e-310
0.2
0.0130786
0.2
0.2
6.95292e-310
0.2
0.2
6.95292e-310
0.2
0.2
0.2
0.2
0.13509
0.2
6.95292e-310
6.95292e-310
6.95292e-310
0.2
6.95292e-310
0.2
0.2
6.95292e-310
0.2
0.2
0.2
0.0514377
0.15437
6.95292e-310
0.2
0.110842
6.95292e-310
0.2
0.2
6.95292e-310
6.95292e-310
0.2
0.2
0.2
6.95292e-310
6.95292e-310
0.0128599
0.2
0.0226252
0.2
6.95292e-310
0.2
0.2
0.2
0.2
0.2
0.2
6.95292e-310
0.2
0.154372
0.2
6.95292e-310
0.2
0.2
6.95292e-310
6.95292e-310
6.95292e-310
6.95292e-310
0.0376587
6.95292e-310
6.95292e-310
6.95292e-310
0.2
6.95292e-310
0.2
6.95292e-310
0.2
0.0224039
0.2
0.2
0.2
0.2
0.2
0.2
0.2
0.2
0.0140736
0.2
0.2
0.172092
0.0343493
6.95292e-310
0.2
0.0412842
0.0642306
0.2
6.95292e-310
6.95292e-310
0.0394765
6.95292e-310
0.2
0.0960763
0.2
0.0466882
0.0066004
6.95292e-310
0.2
6.95292e-310
0.2
0.0805504
0.2
0.0764627
6.95292e-310
0.2
0.2
0.0270375
6.95292e-310
0.2
0.00195583
0.2
0.2
0.2
6.95292e-310
0.0133595
0.0338022
0.2
6.95292e-310
6.95292e-310
0.0792373
6.95292e-310
6.95292e-310
0.184876
6.95292e-310
6.95292e-310
0.2
0.2
0.2
0.2
0.2
6.95292e-310
0.056138
0.2
0.0725226
6.95292e-310
0.2
6.95292e-310
0.0366217
0.0669439
0.0267443
6.95292e-310
6.95292e-310
6.95292e-310
0.2
0.2
0.2
6.95292e-310
0.2
0.2
0.2
6.95292e-310
0.2
0.2
0.198562
0.130159
0.2
6.95292e-310
0.00334016
6.95292e-310
6.95292e-310
0.0751206
0.2
0.2
0.0405591
0.2
0.2
6.95292e-310
0.2
6.95292e-310
6.95292e-310
6.95292e-310
0.2
0.2
6.95292e-310
0.2
0.2
0.2
0.2
6.95292e-310
0.2
0.0146125
6.95292e-310
6.95292e-310
0.2
6.95292e-310
0.2
6.95292e-310
0.0684419
0.2
6.95292e-310
0.2
6.95292e-310
6.95292e-310
6.95292e-310
6.95292e-310
0.2
0.2
6.95292e-310
6.95292e-310
6.95292e-310
6.95292e-310
6.95292e-310
6.95292e-310
6.95292e-310
0.2
6.95292e-310
0.0216796
6.95292e-310
6.95292e-310
6.95292e-310
6.95292e-310
0.2
0.0229884
0.2
0.2
0.2
0.2
6.95292e-310
0.0342914
0.2
6.95292e-310
6.95292e-310
0.0665324
6.95292e-310
0.2
0.2
0.2
0.2
0.2
0.2
0.2
6.95292e-310
0.0413514
0.00122668
6.95292e-310
6.95292e-310
0.0152491
0.2
0.2
0.2
0.14078
0.2
0.2
6.95292e-310
0.192723
0.2
0.2
0.2
0.126076
0.2
0.2
6.95292e-310
6.95292e-310
0.022323
6.95292e-310
0.0555991
0.0675542
0.2
0.2
0.2
6.95292e-310
0.2
0.0563005
0.2
6.95292e-310
0.2
6.95292e-310
6.95292e-310
0.2
0.114785
0.159556
0.037468
0.2
0.0028058
0.2
6.95292e-310
0.2
6.95292e-310
0.15755
0.0800735
6.95292e-310
6.95292e-310
0.2
0.0243724
6.95292e-310
6.95292e-310
0.2
0.2
6.95292e-310
0.2
0.2
0.2
6.95292e-310
6.95292e-310
0.2
0.2
0.2
0.00742068
0.00765026
0.00716592
0.2
6.95292e-310
0.131203
0.2
6.95292e-310
0.2
0.2
6.95292e-310
0.2
0.2
6.95292e-310
0.2
0.2
0.2
0.2
0.2
0.2
0.0468726
6.95292e-310
6.95292e-310
0.0507939
0.086998
6.95292e-310
6.95292e-310
0.2
6.95292e-310
0.0851712
0.2
0.2
0.2
0.163825
6.95292e-310
6.95292e-310
0.00714948
0.2
6.95292e-310
0.2
6.95292e-310
0.0247809
6.95292e-310
0.2
6.95292e-310
6.95292e-310
6.95292e-310
0.2
0.2
6.95292e-310
0.2
6.95292e-310
0.2
6.95292e-310
0.2
0.2
6.95292e-310
6.95292e-310
6.95292e-310
0.2
0.2
0.136028
0.0913733
0.2
6.95292e-310
0.2
0.2
0.2
0.000316771
0.2
0.2
6.95292e-310
0.2
0.2
0.2
0.2
0.2
0.2
0.2
0.2
0.2
0.2
6.95292e-310
6.95292e-310
6.95292e-310
0.2
6.95292e-310
0.2
6.95292e-310
0.2
0.2
0.2
0.0721784
0.2
6.95292e-310
6.95292e-310
0.2
6.95292e-310
0.2
6.95292e-310
0.2
0.2
0.15695
0.0863745
0.0261925
6.95292e-310
0.2
0.2
6.95292e-310
6.95292e-310
0.2
6.95292e-310
0.2
6.95292e-310
0.03466
0.0728596
0.0243795
6.95292e-310
6.95292e-310
0.2
0.2
6.95292e-310
0.0494836
0.2
6.95292e-310
0.0621005
0.2
6.95292e-310
0.2
6.95292e-310
0.165436
0.00646431
0.199827
0.2
6.95292e-310
0.2
0.2
0.0383249
0.2
0.0629411
0.2
0.2
6.95292e-310
0.194591
0.0109809
0.2
0.2
0.2
0.0268921
6.95292e-310
0.2
0.2
0.2
6.95292e-310
6.95292e-310
0.119134
0.0246853
0.2
0.2
6.95292e-310
6.95292e-310
0.11853
0.2
6.95292e-310
0.2
0.2
0.12127
6.95292e-310
0.2
6.95292e-310
0.128013
6.95292e-310
0.2
0.0361329
6.95292e-310
6.95292e-310
0.2
0.2
0.2
0.2
0.2
0.0614257
0.2
6.95292e-310
0.172835
0.2
0.2
0.2
6.95292e-310
6.95292e-310
0.2
0.2
0.2
6.95292e-310
6.95292e-310
6.95292e-310
0.2
6.95292e-310
0.2
0.2
0.2
0.2
0.2
0.2
0.2
0.2
6.95292e-310
6.95292e-310
0.2
6.95292e-310
6.95292e-310
6.95292e-310
6.95292e-310
6.95292e-310
0.2
0.0845852
0.2
0.2
6.95292e-310
6.95292e-310
0.2
0.182849
6.95292e-310
0.2
0.2
0.2
6.95292e-310
0.020921
0.2
0.2
0.03298
0.156273
6.95292e-310
0.2
0.2
0.2
0.2
6.95292e-310
0.2
6.95292e-310
6.95292e-310
0.2
0.2
0.2
0.2
0.2
6.95292e-310
0.2
6.95292e-310
0.2
6.95292e-310
6.95292e-310
6.95292e-310
0.2
0.2
6.95292e-310
0.2
0.193668
0.2
6.95292e-310
6.95292e-310
6.95292e-310
0.2
0.0773795
0.2
0.2
0.2
0.2
0.125795
0.00152571
0.2
0.118583
6.95292e-310
6.95292e-310
6.95292e-310
0.0175845
0.2
6.95292e-310
0.2
0.00445725
0.033992
0.2
0.2
0.2
0.117771
0.17472
0.2
0.0354857
0.000554975
0.0141242
6.95292e-310
0.00489672
6.95292e-310
0.2
0.150176
0.2
0.2
6.95292e-310
0.2
0.0787228
0.2
0.2
6.95292e-310
0.123021
0.2
6.95292e-310
0.2
6.95292e-310
0.2
6.95292e-310
0.2
6.95292e-310
0.2
0.0940458
0.2
0.0156917
6.95292e-310
6.95292e-310
0.2
0.2
0.2
6.95292e-310
6.95292e-310
0.0474823
0.123984
0.2
0.0421664
6.95292e-310
0.2
0.2
0.148227
6.95292e-310
6.95292e-310
0.0829102
0.2
0.0136413
0.158028
0.2
0.0264008
0.2
6.95292e-310
0.2
0.00852362
6.95292e-310
0.2
0.2
6.95292e-310
0.2
0.00112508
0.2
0.0404894
0.2
0.2
6.95292e-310
6.95292e-310
0.00965343
6.95292e-310
6.95292e-310
0.132926
0.2
0.2
0.2
0.2
0.2
0.2
0.2
0.2
6.95292e-310
0.0157964
0.2
0.2
0.0315419
0.2
0.0898481
6.95292e-310
0.2
6.95292e-310
0.0805966
6.95292e-310
0.0365244
0.2
6.95292e-310
0.2
6.95292e-310
0.171691
0.162317
0.2
0.192388
0.2
0.0709806
6.95292e-310
0.2
0.2
0.2
6.95292e-310
0.2
0.2
6.95292e-310
0.2
0.145386
0.2
0.2
0.2
0.0437311
0.0397815
0.0597577
0.0759856
0.2
0.025204
0.2
0.2
6.95292e-310
0.2
0.2
0.0228016
0.2
0.2
6.95292e-310
6.95292e-310
0.2
0.2
0.0581608
0.0568196
0.2
6.95292e-310
0.0850156
6.95292e-310
6.95292e-310
0.2
0.13776
0.2
0.133708
6.95292e-310
0.2
0.2
0.0822766
0.2
6.95292e-310
0.0231691
0.2
0.0338828
0.126113
0.2
6.95292e-310
0.2
0.2
0.1588
0.2
0.2
6.95292e-310
6.95292e-310
6.95292e-310
6.95292e-310
0.2
6.95292e-310
0.2
0.2
0.2
6.95292e-310
6.95292e-310
0.2
0.0497269
6.95292e-310
0.2
0.2
0.2
0.2
6.95292e-310
0.2
0.2
0.00261892
6.95292e-310
6.95292e-310
6.95292e-310
6.95292e-310
0.2
6.95292e-310
0.2
0.2
0.2
0.0239623
0.2
0.2
0.2
0.195
0.0417175
6.95292e-310
0.2
0.2
0.2
0.2
0.119968
0.2
6.95292e-310
0.190205
6.95292e-310
0.2
0.2
0.2
0.2
0.2
0.2
6.95292e-310
0.171362
0.2
0.2
0.2
6.95292e-310
0.2
0.2
0.197712
0.2
6.95292e-310
0.2
0.2
6.95292e-310
0.2
0.2
6.95292e-310
0.2
0.2
6.95292e-310
0.00878477
0.2
6.95292e-310
0.2
0.0543411
6.95292e-310
6.95292e-310
6.95292e-310
0.2
0.0642828
6.95292e-310
0.2
0.2
6.95292e-310
0.2
0.113464
0.2
6.95292e-310
0.2
0.2
0.0628344
0.2
6.95292e-310
6.95292e-310
6.95292e-310
6.95292e-310
0.2
6.95292e-310
0.2
0.2
0.00870999
6.95292e-310
0.2
6.95292e-310
0.0156718
0.2
0.2
0.2
0.2
0.2
0.2
0.2
6.95292e-310
6.95292e-310
6.95292e-310
6.95292e-310
0.2
0.0699237
6.95292e-310
0.2
0.2
0.2
0.2
0.0130592
6.95292e-310
0.2
0.2
0.00511584
0.2
0.030262
0.2
0.2
6.95292e-310
0.2
6.95292e-310
0.2
0.2
0.2
0.0146856
0.2
0.2
0.2
6.95292e-310
0.2
0.0348354
6.95292e-310
0.2
6.95292e-310
6.95292e-310
6.95292e-310
6.95292e-310
0.2
0.2
0.2
6.95292e-310
6.95292e-310
0.2
0.2
0.2
0.0036877
6.95292e-310
6.95292e-310
0.2
6.95292e-310
0.2
0.2
0.2
0.168009
6.95292e-310
0.2
6.95292e-310
6.95292e-310
6.95292e-310
0.0766617
0.2
6.95292e-310
0.0442692
0.2
6.95292e-310
6.95292e-310
0.2
0.2
0.2
0.2
0.2
6.95292e-310
6.95292e-310
6.95292e-310
0.2
6.95292e-310
0.2
0.2
0.2
0.0149547
0.2
0.074609
0.2
0.2
0.2
6.95292e-310
6.95292e-310
0.2
0.2
6.95292e-310
6.95292e-310
0.2
0.166067
6.95292e-310
6.95292e-310
6.95292e-310
0.2
0.2
0.2
6.95292e-310
6.95292e-310
6.95292e-310
0.2
6.95292e-310
0.194334
0.2
0.0723965
6.95292e-310
0.2
0.2
0.0311412
6.95292e-310
0.2
0.2
6.95292e-310
6.95292e-310
6.95292e-310
6.95292e-310
6.95292e-310
0.0099247
0.0687568
0.00444199
6.95292e-310
0.2
0.0777694
0.0164664
6.95292e-310
6.95292e-310
0.2
6.95292e-310
6.95292e-310
0.2
0.2
0.2
6.95292e-310
0.0444376
0.2
0.115823
6.95292e-310
6.95292e-310
6.95292e-310
0.119535
0.2
0.2
0.2
0.150349
6.95292e-310
0.109716
6.95292e-310
0.0539881
0.2
6.95292e-310
0.2
0.2
0.2
6.95292e-310
0.2
0.0318219
6.95292e-310
0.2
0.2
0.0826889
0.2
0.2
6.95292e-310
6.95292e-310
6.95292e-310
0.2
0.077156
6.95292e-310
6.95292e-310
6.95292e-310
6.95292e-310
0.2
0.2
0.2
6.95292e-310
0.0401707
6.95292e-310
0.121638
6.95292e-310
6.95292e-310
0.2
6.95292e-310
0.2
0.2
0.2
6.95292e-310
0.2
0.2
0.2
0.2
0.2
0.2
6.95292e-310
0.0953135
6.95292e-310
0.2
0.0972419
6.95292e-310
0.120121
0.2
0.2
0.0173305
6.95292e-310
6.95292e-310
0.2
0.2
6.95292e-310
0.2
6.95292e-310
0.2
6.95292e-310
0.2
0.2
0.2
0.2
0.2
6.95292e-310
0.2
0.2
0.2
0.2
0.2
0.2
0.0863044
6.95292e-310
0.2
0.0390212
6.95292e-310
0.2
0.2
6.95292e-310
6.95292e-310
0.2
6.95292e-310
0.2
0.2
6.95292e-310
0.2
0.2
0.2
0.0774707
6.95292e-310
0.2
0.2
0.2
0.2
0.2
6.95292e-310
0.0567757
0.0379914
0.128702
0.2
6.95292e-310
0.2
6.95292e-310
0.2
6.95292e-310
0.0638125
0.18709
0.00376273
6.95292e-310
0.2
6.95292e-310
0.0173133
0.2
0.0803927
0.2
0.2
6.95292e-310
0.2
0.2
0.2
0.2
0.00443701
6.95292e-310
0.0315812
0.2
0.19566
6.95292e-310
6.95292e-310
0.2
0.2
0.2
0.2
0.2
0.129483
0.2
0.2
0.2
0.2
0.2
6.95292e-310
0.2
0.0661773
0.2
0.172379
0.2
6.95292e-310
0.2
0.2
0.00227461
0.2
6.95292e-310
0.0339922
6.95292e-310
0.2
0.2
0.2
0.2
0.2
0.0151446
6.95292e-310
6.95292e-310
0.2
0.2
0.119359
0.2
0.2
6.95292e-310
0.2
6.95292e-310
0.04066
0.2
0.2
0.2
0.2
0.016501
0.0111799
0.2
0.2
0.2
0.2
6.95292e-310
6.95292e-310
6.95292e-310
0.2
0.2
6.95292e-310
6.95292e-310
0.2
0.0054553
0.2
0.2
0.0609658
0.2
6.95292e-310
6.95292e-310
0.2
0.2
0.2
0.0147223
6.95292e-310
6.95292e-310
0.00761125
0.071502
0.2
0.2
0.0432174
0.0640645
0.0144717
0.2
6.95292e-310
6.95292e-310
0.2
6.95292e-310
6.95292e-310
0.00408029
6.95292e-310
0.2
0.2
0.2
0.0172782
0.0195572
0.0465731
0.2
0.2
0.00800473
6.95292e-310
0.0312329
6.95292e-310
0.2
0.148017
6.95292e-310
0.0929578
6.95292e-310
0.2
6.95292e-310
0.2
0.1781
6.95292e-310
6.95292e-310
0.2
0.2
0.2
0.2
0.2
6.95292e-310
0.2
0.00249814
0.00410083
0.2
6.95292e-310
0.152873
0.2
0.0127781
0.2
0.2
6.95292e-310
6.95292e-310
0.141041
6.95292e-310
0.2
6.95292e-310
0.2
6.95292e-310
0.113836
6.95292e-310
0.085365
0.2
0.0473501
6.95292e-310
0.2
0.0607312
0.2
0.2
0.2
0.142835
0.2
6.95292e-310
0.2
6.95292e-310
0.2
6.95292e-310
0.2
0.2
0.188457
6.95292e-310
0.2
0.2
0.122656
6.95292e-310
6.95292e-310
0.2
6.95292e-310
0.00721918
0.2
0.2
6.95292e-310
6.95292e-310
0.2
6.95292e-310
6.95292e-310
0.2
0.2
0.2
6.95292e-310
6.95292e-310
0.2
0.2
0.2
6.95292e-310
0.0665554
0.2
6.95292e-310
6.95292e-310
0.2
0.2
0.2
0.061859
0.2
0.0566421
0.121399
0.2
0.2
6.95292e-310
0.2
6.95292e-310
6.95292e-310
0.2
0.2
0.2
0.2
0.0821479
6.95292e-310
0.2
0.2
0.2
0.2
6.95292e-310
6.95292e-310
0.0862058
6.95292e-310
6.95292e-310
0.2
0.2
6.95292e-310
0.2
6.95292e-310
0.2
0.0709918
6.95292e-310
6.95292e-310
0.2
0.0235908
0.2
0.2
6.95292e-310
6.95292e-310
0.010402
0.2
6.95292e-310
0.2
6.95292e-310
0.2
6.95292e-310
6.95292e-310
0.2
6.95292e-310
0.2
0.2
0.2
0.2
6.95292e-310
0.181471
6.95292e-310
0.000425643
6.95292e-310
6.95292e-310
0.2
6.95292e-310
6.95292e-310
0.2
0.2
0.2
6.95292e-310
0.2
0.2
0.2
6.95292e-310
0.0296404
0.2
0.2
0.0954157
6.95292e-310
0.2
0.2
6.95292e-310
0.2
0.08982
6.95292e-310
0.2
0.0621213
0.2
0.2
6.95292e-310
6.95292e-310
0.2
0.0163768
0.2
6.95292e-310
0.0800921
0.2
0.0028955
0.2
0.2
6.95292e-310
6.95292e-310
0.2
6.95292e-310
0.2
6.95292e-310
0.2
6.95292e-310
0.2
0.2
6.95292e-310
6.95292e-310
0.0670792
6.95292e-310
0.2
0.2
0.2
6.95292e-310
0.2
0.2
6.95292e-310
6.95292e-310
0.2
0.2
6.95292e-310
6.95292e-310
6.95292e-310
6.95292e-310
6.95292e-310
6.95292e-310
6.95292e-310
6.95292e-310
0.2
0.2
0.0846652
0.137908
0.2
0.00994359
0.084083
6.95292e-310
0.2
0.2
0.2
0.0161826
6.95292e-310
0.2
0.19077
0.14157
0.154375
0.2
0.0102562
6.95292e-310
0.2
0.2
0.2
6.95292e-310
0.0854169
0.2
0.2
0.2
0.2
6.95292e-310
0.2
0.2
0.2
6.95292e-310
0.2
0.2
0.2
0.0393733
6.95292e-310
6.95292e-310
0.0472557
6.95292e-310
6.95292e-310
0.2
0.2
0.00485919
0.2
6.95292e-310
6.95292e-310
0.2
6.95292e-310
6.95292e-310
0.2
0.161796
6.95292e-310
6.95292e-310
0.2
0.2
0.0676175
6.95292e-310
0.2
0.2
0.2
0.2
6.95292e-310
6.95292e-310
0.2
6.95292e-310
0.00411078
0.0178038
6.95292e-310
6.95292e-310
0.2
0.0210168
0.2
6.95292e-310
0.2
6.95292e-310
0.0877864
0.2
0.2
6.95292e-310
0.2
0.2
6.95292e-310
0.0203734
0.2
0.2
0.2
0.2
0.0329977
6.95292e-310
0.147007
0.2
6.95292e-310
0.2
0.2
6.95292e-310
0.2
0.2
0.157746
0.184523
0.153432
0.2
0.2
0.2
0.2
0.0531374
6.95292e-310
6.95292e-310
6.95292e-310
0.066306
0.2
6.95292e-310
0.2
6.95292e-310
6.95292e-310
0.2
6.95292e-310
0.2
6.95292e-310
0.2
6.95292e-310
0.2
0.00996973
6.95292e-310
6.95292e-310
0.0161711
0.00235015
6.95292e-310
0.2
0.2
6.95292e-310
0.123622
0.2
0.0826166
6.95292e-310
0.126878
6.95292e-310
6.95292e-310
0.2
6.95292e-310
0.2
6.95292e-310
0.2
6.95292e-310
0.2
0.137847
0.2
0.2
0.2
6.95292e-310
6.95292e-310
0.0303426
6.95292e-310
0.2
0.2
0.2
0.154966
6.95292e-310
0.2
0.2
0.2
6.95292e-310
0.2
6.95292e-310
0.12492
0.2
0.2
0.2
0.2
0.2
6.95292e-310
6.95292e-310
6.95292e-310
0.135014
0.2
0.0290317
0.2
0.2
6.95292e-310
6.95292e-310
0.2
0.2
0.2
6.95292e-310
0.2
0.2
6.95292e-310
6.95292e-310
0.2
6.95292e-310
6.95292e-310
6.95292e-310
0.0289435
0.2
0.0181069
6.95292e-310
6.95292e-310
6.95292e-310
0.00349547
6.95292e-310
0.045135
6.95292e-310
6.95292e-310
0.2
6.95292e-310
0.00895976
0.2
6.95292e-310
6.95292e-310
0.2
6.95292e-310
6.95292e-310
6.95292e-310
0.2
0.2
0.0618889
0.2
0.0818897
6.95292e-310
0.2
0.2
0.0111128
0.2
6.95292e-310
0.2
6.95292e-310
6.95292e-310
6.95292e-310
0.2
6.95292e-310
0.2
0.2
0.2
0.2
6.95292e-310
6.95292e-310
6.95292e-310
0.2
0.2
0.2
0.2
0.2
0.2
6.95292e-310
6.95292e-310
6.95292e-310
0.2
6.95292e-310
0.2
6.95292e-310
0.2
0.2
0.2
0.00433788
0.0146876
0.2
6.95292e-310
0.0738804
0.2
6.95292e-310
0.2
0.2
0.2
0.2
0.2
6.95292e-310
0.0543724
0.2
0.031186
0.0832993
6.95292e-310
6.95292e-310
6.95292e-310
0.2
6.95292e-310
0.0361724
0.2
0.2
0.2
0.2
0.2
0.0702496
6.95292e-310
0.2
0.2
0.2
0.2
6.95292e-310
0.0334799
0.2
0.0288555
6.95292e-310
0.2
0.2
0.134809
6.95292e-310
0.0284557
6.95292e-310
0.0180968
0.0621579
6.95292e-310
0.00474845
0.2
0.176971
0.186655
0.2
0.00060211
6.95292e-310
0.2
0.0772784
0.2
0.2
0.153107
0.2
0.2
0.2
0.120854
0.0660058
0.2
0.2
0.2
0.2
6.95292e-310
0.2
6.95292e-310
0.0649261
6.95292e-310
0.2
0.2
0.2
6.95292e-310
6.95292e-310
0.0691501
0.2
7.9796e-05
0.2
0.2
0.0273335
6.95292e-310
0.2
6.95292e-310
0.2
6.95292e-310
0.2
6.95292e-310
0.2
0.0343147
6.95292e-310
6.95292e-310
0.2
0.2
0.0476067
0.0370944
0.2
6.95292e-310
0.0473779
6.95292e-310
0.2
6.95292e-310
6.95292e-310
6.95292e-310
0.2
6.95292e-310
0.2
6.95292e-310
0.2
6.95292e-310
0.2
0.2
0.2
6.95292e-310
0.15864
0.0781909
6.95292e-310
0.2
0.2
6.95292e-310
0.2
6.95292e-310
6.95292e-310
0.2
0.2
6.95292e-310
0.2
0.2
0.139761
0.2
0.106785
0.2
0.2
6.95292e-310
0.2
6.95292e-310
6.95292e-310
6.95292e-310
0.2
0.0654544
0.0812704
0.0120152
0.2
0.2
0.2
0.027372
6.95292e-310
6.95292e-310
0.2
0.0811623
0.0782472
0.117729
0.2
0.2
0.0411548
0.0848148
0.2
0.0159482
0.00551191
0.0707039
0.2
0.0189345
0.2
0.0242154
0.2
0.122308
0.2
0.0695148
0.168568
6.95292e-310
0.2
0.2
0.0797844
0.2
6.95292e-310
0.2
6.95292e-310
6.95292e-310
6.95292e-310
0.2
6.95292e-310
0.2
6.95292e-310
0.2
0.2
0.2
6.95292e-310
0.2
0.0446575
0.2
0.2
0.0493304
6.95292e-310
6.95292e-310
0.2
0.2
0.2
6.95292e-310
0.2
0.2
6.95292e-310
0.2
0.00237405
0.2
0.2
0.0329785
0.2
0.2
0.2
0.2
0.0299343
6.95292e-310
0.2
0.2
0.2
6.95292e-310
6.95292e-310
0.2
6.95292e-310
0.2
6.95292e-310
6.95292e-310
0.2
6.95292e-310
0.2
6.95292e-310
0.2
6.95292e-310
0.2
6.95292e-310
0.2
6.95292e-310
0.2
6.95292e-310
0.2
0.190388
6.95292e-310
0.00653982
0.2
6.95292e-310
0.166951
0.129258
6.95292e-310
0.0801784
6.95292e-310
0.2
0.2
6.95292e-310
0.0805158
0.00485298
6.95292e-310
0.2
0.2
0.00525917
0.082312
0.0737098
6.95292e-310
0.0305563
0.155716
0.2
0.00920331
0.2
0.2
0.0232549
0.0468884
0.2
0.2
6.95292e-310
6.95292e-310
6.95292e-310
0.2
0.2
6.95292e-310
0.2
6.95292e-310
0.2
6.95292e-310
0.0143619
0.2
6.95292e-310
0.0391008
0.2
0.0334624
6.95292e-310
6.95292e-310
6.95292e-310
0.2
0.030338
0.2
0.2
0.0829473
6.95292e-310
0.2
6.95292e-310
0.2
0.2
0.0380564
6.95292e-310
6.95292e-310
6.95292e-310
6.95292e-310
0.2
6.95292e-310
0.187949
6.95292e-310
6.95292e-310
6.95292e-310
0.2
6.95292e-310
0.2
0.2
0.146872
0.2
0.2
0.2
6.95292e-310
0.0770352
0.2
0.2
6.95292e-310
0.2
0.2
0.0729557
0.153624
0.2
0.132086
0.2
6.95292e-310
0.2
0.2
0.00385164
6.95292e-310
6.95292e-310
6.95292e-310
6.95292e-310
6.95292e-310
0.00215206
6.95292e-310
0.063422
6.95292e-310
0.2
0.2
0.2
0.172347
6.95292e-310
0.2
6.95292e-310
6.95292e-310
0.2
0.2
6.95292e-310
0.2
0.0180638
0.2
0.2
6.95292e-310
0.2
0.138414
6.95292e-310
6.95292e-310
0.2
0.2
0.2
0.2
0.2
0.2
6.95292e-310
0.2
0.2
0.2
0.2
6.95292e-310
0.2
6.95292e-310
0.2
0.2
6.95292e-310
0.2
6.95292e-310
0.2
0.0799004
0.0876031
0.0667462
0.2
6.95292e-310
0.00832065
0.2
0.2
0.0105832
0.2
0.2
6.95292e-310
0.2
0.178075
6.95292e-310
6.95292e-310
0.0178689
6.95292e-310
0.013271
6.95292e-310
6.95292e-310
0.2
0.2
0.2
0.2
0.2
0.00559451
0.175486
0.0780923
0.085493
0.2
0.2
6.95292e-310
6.95292e-310
6.95292e-310
6.95292e-310
0.2
0.2
0.2
0.00279379
0.2
0.122417
0.2
0.2
0.2
0.2
0.0401419
0.118332
0.2
0.2
6.95292e-310
0.2
0.0875031
6.95292e-310
6.95292e-310
6.95292e-310
0.2
0.0118261
6.95292e-310
0.2
0.2
6.95292e-310
0.2
6.95292e-310
0.2
0.2
0.137188
0.0851246
0.2
0.2
0.2
6.95292e-310
0.2
0.2
0.2
0.0460528
0.2
0.2
6.95292e-310
6.95292e-310
0.0226635
0.2
0.2
0.2
6.95292e-310
6.95292e-310
0.00700035
0.0233535
0.2
6.95292e-310
0.2
0.0080236
6.95292e-310
0.2
6.95292e-310
0.2
0.056438
0.0310188
0.2
0.0855301
6.95292e-310
0.2
6.95292e-310
0.2
0.168796
0.021958
6.95292e-310
0.2
0.0327977
0.2
6.95292e-310
0.2
0.2
0.00648787
6.95292e-310
0.2
0.0274524
6.95292e-310
0.0367258
0.144435
6.95292e-310
0.0914839
0.2
0.2
6.95292e-310
6.95292e-310
0.2
0.2
6.95292e-310
0.158509
0.2
0.2
0.2
6.95292e-310
0.2
0.2
6.95292e-310
0.2
6.95292e-310
0.033018
6.95292e-310
0.2
6.95292e-310
0.0738891
6.95292e-310
0.2
0.2
0.169641
0.2
6.95292e-310
0.2
0.161899
0.2
6.95292e-310
6.95292e-310
0.2
0.2
6.95292e-310
6.95292e-310
0.2
0.2
0.0574067
6.95292e-310
0.2
0.2
0.2
0.160978
0.2
6.95292e-310
0.0162178
0.2
0.135765
0.2
0.2
6.95292e-310
0.0581061
0.2
0.00384412
0.2
0.2
0.2
0.2
6.95292e-310
0.0376635
6.95292e-310
6.95292e-310
0.0575933
0.2
0.0387989
0.2
0.2
6.95292e-310
0.2
0.2
0.2
6.95292e-310
0.2
0.2
0.2
6.95292e-310
0.2
6.95292e-310
0.2
0.2
6.95292e-310
0.182131
0.2
0.2
0.2
0.2
6.95292e-310
6.95292e-310
0.2
6.95292e-310
0.2
0.2
0.0852222
6.95292e-310
6.95292e-310
6.95292e-310
0.17655
0.2
6.95292e-310
0.164072
0.2
0.00626458
6.95292e-310
6.95292e-310
0.0360249
6.95292e-310
6.95292e-310
0.2
6.95292e-310
0.2
6.95292e-310
6.95292e-310
0.2
0.2
6.95292e-310
0.2
0.2
0.2
6.95292e-310
0.0671447
6.95292e-310
0.043122
0.2
0.192151
0.2
6.95292e-310
0.2
0.0764076
0.0209989
0.2
0.2
6.95292e-310
0.2
6.95292e-310
0.2
0.2
0.0258274
0.2
0.00948561
6.95292e-310
6.95292e-310
6.95292e-310
6.95292e-310
0.2
0.2
0.2
0.2
6.95292e-310
6.95292e-310
0.2
0.2
0.0118847
6.95292e-310
0.2
0.2
0.2
0.2
0.2
0.2
0.2
6.95292e-310
0.2
0.0260191
6.95292e-310
0.2
0.2
0.2
0.2
0.010499
0.2
6.95292e-310
0.2
6.95292e-310
6.95292e-310
0.2
0.2
6.95292e-310
0.2
6.95292e-310
0.2
6.95292e-310
0.0187314
0.2
0.0357543
0.2
6.95292e-310
6.95292e-310
0.0222098
0.2
6.95292e-310
0.2
6.95292e-310
6.95292e-310
6.95292e-310
0.00897843
6.95292e-310
0.2
0.2
0.0481713
0.2
0.0600771
0.0598855
6.95292e-310
0.2
0.2
0.0536357
0.2
0.2
0.2
6.95292e-310
6.95292e-310
0.176545
0.2
0.2
6.95292e-310
0.135027
0.033887
6.95292e-310
0.0189752
0.2
6.95292e-310
0.2
0.2
6.95292e-310
0.2
0.2
0.2
0.124795
6.95292e-310
0.2
0.2
6.95292e-310
0.2
0.0371731
6.95292e-310
6.95292e-310
0.2
0.2
0.2
0.2
6.95292e-310
0.2
6.95292e-310
0.2
0.2
6.95292e-310
6.95292e-310
6.95292e-310
0.175963
6.95292e-310
0.2
0.2
0.2
0.2
0.0746796
0.162142
6.95292e-310
0.136325
0.0501611
6.95292e-310
0.2
0.129062
0.2
0.2
0.2
0.2
6.95292e-310
6.95292e-310
0.2
6.95292e-310
0.199692
0.0166918
0.2
6.95292e-310
0.0507624
0.2
0.2
0.2
0.2
0.2
0.0447917
0.2
6.95292e-310
0.2
6.95292e-310
0.00822801
6.95292e-310
6.95292e-310
0.2
0.2
0.0030566
0.2
0.0311442
6.95292e-310
0.2
0.2
0.2
0.2
0.0583502
0.2
0.039865
0.0281775
0.0191126
0.0245324
0.047765
0.2
6.95292e-310
0.00116749
0.0627276
0.0287522
0.2
6.95292e-310
0.2
6.95292e-310
0.2
0.115966
6.95292e-310
6.95292e-310
0.2
0.2
0.2
0.2
6.95292e-310
6.95292e-310
0.2
0.2
6.95292e-310
0.2
6.95292e-310
0.2
0.0193279
6.95292e-310
0.2
6.95292e-310
0.2
0.2
0.2
0.0805236
0.2
6.95292e-310
6.95292e-310
0.2
6.95292e-310
6.95292e-310
6.95292e-310
0.2
0.184302
0.2
6.95292e-310
6.95292e-310
0.2
0.2
6.95292e-310
6.95292e-310
6.95292e-310
0.123878
0.111606
0.2
0.2
0.2
0.2
6.95292e-310
6.95292e-310
0.2
0.0853524
0.0737115
0.2
0.2
0.2
6.95292e-310
0.163453
0.2
6.95292e-310
6.95292e-310
6.95292e-310
0.0546957
0.2
0.2
0.2
6.95292e-310
0.2
6.95292e-310
0.010557
0.125666
0.2
0.2
6.95292e-310
6.95292e-310
0.2
0.2
0.2
0.2
0.2
0.123355
0.0649661
6.95292e-310
6.95292e-310
0.0769168
6.95292e-310
0.2
6.95292e-310
0.124609
0.2
6.95292e-310
0.2
6.95292e-310
6.95292e-310
0.2
0.0249672
0.2
6.95292e-310
0.2
6.95292e-310
6.95292e-310
0.0857935
0.2
0.2
0.2
0.2
0.2
0.0579768
0.0215938
0.000833312
0.2
0.0320019
0.00381455
0.019823
6.95292e-310
0.2
0.2
0.2
0.2
6.95292e-310
0.2
0.0451088
0.2
0.2
6.95292e-310
6.95292e-310
0.2
6.95292e-310
0.190877
0.2
0.2
0.2
0.2
0.0268134
0.2
6.95292e-310
0.2
6.95292e-310
6.95292e-310
6.95292e-310
6.95292e-310
0.2
6.95292e-310
6.95292e-310
0.0633727
0.2
0.2
0.2
0.2
0.2
6.95292e-310
0.112943
6.95292e-310
6.95292e-310
0.2
0.2
0.0542191
0.144035
6.95292e-310
6.95292e-310
6.95292e-310
0.00478255
6.95292e-310
0.00299069
0.2
0.2
0.2
6.95292e-310
0.2
0.00947486
0.2
0.2
0.2
6.95292e-310
0.2
0.2
6.95292e-310
6.95292e-310
6.95292e-310
6.95292e-310
0.000439885
0.2
6.95292e-310
0.0762908
0.2
0.125766
6.95292e-310
0.2
0.2
6.95292e-310
0.2
0.2
0.2
0.2
0.0295285
6.95292e-310
6.95292e-310
6.95292e-310
0.0619256
0.2
0.2
6.95292e-310
6.95292e-310
0.2
6.95292e-310
6.95292e-310
0.2
0.2
6.95292e-310
0.2
0.0153051
6.95292e-310
0.2
6.95292e-310
6.95292e-310
6.95292e-310
0.2
6.95292e-310
0.2
0.0568642
0.2
0.2
0.2
0.2
0.2
6.95292e-310
0.2
0.2
0.2
0.2
0.2
0.161308
6.95292e-310
6.95292e-310
6.95292e-310
0.0532728
6.95292e-310
6.95292e-310
6.95292e-310
6.95292e-310
0.2
0.141164
0.2
0.2
0.0441549
0.2
0.2
6.95292e-310
6.95292e-310
0.0839842
6.95292e-310
0.2
0.2
0.2
0.2
0.0802864
6.95292e-310
0.0876056
0.2
0.00623581
6.95292e-310
0.2
6.95292e-310
0.0845852
6.95292e-310
0.2
0.2
6.95292e-310
6.95292e-310
6.95292e-310
0.0856179
0.2
0.2
0.2
0.2
0.2
0.0529049
6.95292e-310
6.95292e-310
0.0403896
0.2
6.95292e-310
0.2
6.95292e-310
6.95292e-310
6.95292e-310
0.2
0.2
6.95292e-310
0.2
0.2
6.95292e-310
0.2
0.2
0.140017
6.95292e-310
0.2
0.2
0.2
0.0164463
0.2
0.0242457
0.2
0.044508
0.2
0.0261961
0.0355384
0.2
0.2
0.2
0.2
0.00895499
6.95292e-310
6.95292e-310
6.95292e-310
6.95292e-310
0.2
0.2
6.95292e-310
0.2
0.2
6.95292e-310
0.2
0.2
0.2
0.2
0.0865215
0.2
6.95292e-310
6.95292e-310
0.2
0.2
0.2
6.95292e-310
0.2
0.2
6.95292e-310
0.2
0.2
6.95292e-310
6.95292e-310
0.2
6.95292e-310
0.0677758
0.0440855
6.95292e-310
0.2
6.95292e-310
0.1265
6.95292e-310
6.95292e-310
0.148893
6.95292e-310
6.95292e-310
6.95292e-310
6.95292e-310
0.2
6.95292e-310
0.2
0.2
6.95292e-310
6.95292e-310
0.2
6.95292e-310
0.2
0.0252135
6.95292e-310
0.0163406
6.95292e-310
6.95292e-310
6.95292e-310
0.2
0.2
0.2
0.156229
0.2
0.071908
0.00321328
0.2
6.95292e-310
0.2
6.95292e-310
0.0415872
6.95292e-310
0.2
0.0716493
6.95292e-310
0.2
6.95292e-310
6.95292e-310
6.95292e-310
0.2
0.079241
6.95292e-310
0.0480827
0.2
0.2
0.2
0.2
6.95292e-310
0.2
0.2
6.95292e-310
6.95292e-310
6.95292e-310
0.2
0.0703641
6.95292e-310
6.95292e-310
0.2
0.2
0.2
0.2
0.127102
0.2
0.2
6.95292e-310
0.2
0.2
0.0785388
6.95292e-310
0.2
0.2
0.2
0.2
0.2
0.2
0.2
0.2
6.95292e-310
0.2
0.2
0.2
6.95292e-310
0.00461799
6.95292e-310
0.149732
6.95292e-310
0.2
6.95292e-310
0.2
0.2
0.2
0.0238021
0.2
6.95292e-310
0.0208786
0.2
0.2
0.0352058
0.2
6.95292e-310
0.2
0.2
6.95292e-310
0.0836184
0.2
0.2
6.95292e-310
0.0985675
0.0513748
0.160021
0.2
0.2
0.0159508
6.95292e-310
6.95292e-310
0.2
0.2
0.2
6.95292e-310
6.95292e-310
0.2
6.95292e-310
0.0541122
0.2
0.2
0.2
6.95292e-310
0.0690378
6.95292e-310
0.0686455
6.95292e-310
0.2
6.95292e-310
0.2
6.95292e-310
0.00151396
0.2
0.2
0.2
0.2
0.2
0.0334049
0.2
0.2
6.95292e-310
6.95292e-310
0.2
0.2
0.2
0.2
0.120012
6.95292e-310
0.2
0.2
0.2
0.2
0.2
6.95292e-310
0.2
6.95292e-310
0.2
6.95292e-310
0.2
0.2
0.2
0.168263
0.2
0.145432
0.2
0.2
0.2
6.95292e-310
6.95292e-310
0.2
0.2
0.2
0.0242019
0.2
6.95292e-310
0.167878
0.124404
6.95292e-310
0.2
0.2
0.2
0.0032578
0.13515
6.95292e-310
0.2
0.2
6.95292e-310
0.2
6.95292e-310
6.95292e-310
0.2
0.2
6.95292e-310
6.95292e-310
0.2
0.00553548
0.2
0.0800846
0.2
0.2
6.95292e-310
0.117158
0.0320443
0.060518
6.95292e-310
6.95292e-310
6.95292e-310
0.2
6.95292e-310
6.95292e-310
6.95292e-310
0.2
0.2
6.95292e-310
0.2
0.2
0.2
6.95292e-310
6.95292e-310
6.95292e-310
0.2
0.2
0.04875
0.2
0.15111
0.2
0.2
0.2
0.2
6.95292e-310
0.2
0.2
6.95292e-310
0.2
6.95292e-310
0.193777
6.95292e-310
0.2
0.2
0.2
0.2
0.2
0.2
6.95292e-310
6.95292e-310
0.2
6.95292e-310
0.00274673
0.2
0.2
0.125742
6.95292e-310
0.2
0.2
6.95292e-310
0.0733449
0.012457
6.95292e-310
0.198307
0.190782
0.00527974
0.2
6.95292e-310
6.95292e-310
0.2
6.95292e-310
0.00241487
0.2
0.2
6.95292e-310
0.0741295
0.2
0.2
0.2
0.2
0.2
6.95292e-310
0.2
6.95292e-310
0.128427
0.2
6.95292e-310
6.95292e-310
0.2
0.2
0.2
6.95292e-310
0.0308398
0.0654226
6.95292e-310
6.95292e-310
0.2
0.0412001
6.95292e-310
0.129878
0.2
6.95292e-310
0.2
6.95292e-310
6.95292e-310
0.0812513
6.95292e-310
6.95292e-310
0.0318816
0.2
6.95292e-310
0.0112464
0.2
0.0823529
0.2
0.2
0.2
0.2
0.2
0.0862251
0.0664061
6.95292e-310
6.95292e-310
6.95292e-310
0.00113621
0.2
6.95292e-310
0.2
0.2
0.00429201
0.189165
0.115081
0.0160641
0.2
6.95292e-310
0.2
6.95292e-310
6.95292e-310
0.2
0.00103197
6.95292e-310
0.2
6.95292e-310
0.2
0.2
6.95292e-310
0.2
6.95292e-310
0.2
0.2
6.95292e-310
0.2
0.077614
0.2
6.95292e-310
0.2
6.95292e-310
6.95292e-310
0.2
6.95292e-310
6.95292e-310
0.2
6.95292e-310
0.0374866
0.14467
6.95292e-310
6.95292e-310
0.2
0.2
0.2
6.95292e-310
0.2
6.95292e-310
6.95292e-310
0.2
0.2
6.95292e-310
0.2
0.2
0.0466696
6.95292e-310
0.189705
6.95292e-310
0.172553
0.2
0.119637
0.2
0.133518
6.95292e-310
0.2
0.2
0.2
0.2
0.2
0.2
0.2
0.2
0.149443
0.2
0.2
6.95292e-310
0.2
0.2
6.95292e-310
0.2
6.95292e-310
0.2
6.95292e-310
0.2
0.0173866
0.0818002
0.2
0.136539
0.2
0.0814025
0.0217301
0.2
0.2
0.2
0.2
6.95292e-310
0.2
6.95292e-310
6.95292e-310
0.2
6.95292e-310
0.2
0.2
0.19175
0.172305
0.2
0.2
6.95292e-310
6.95292e-310
0.0796733
6.95292e-310
0.2
0.2
0.2
0.2
6.95292e-310
0.2
0.066037
0.2
0.044417
0.2
0.110659
6.95292e-310
0.2
0.00699533
0.2
0.0186842
6.95292e-310
0.2
6.95292e-310
0.2
0.2
6.95292e-310
0.2
0.2
0.2
0.0473183
0.2
0.0391116
0.2
0.0706356
0.2
0.116705
0.2
0.2
0.0013145
0.0467425
0.2
0.0320922
0.2
0.0145256
0.2
0.2
0.2
0.2
6.95292e-310
6.95292e-310
0.114919
0.2
0.156928
0.2
0.2
6.95292e-310
0.2
6.95292e-310
0.2
0.0715765
0.141262
6.95292e-310
6.95292e-310
6.95292e-310
0.2
6.95292e-310
6.95292e-310
0.061429
0.181431
0.2
0.11701
0.2
6.95292e-310
6.95292e-310
0.2
6.95292e-310
6.95292e-310
0.2
6.95292e-310
6.95292e-310
0.0840498
0.2
0.2
0.2
6.95292e-310
6.95292e-310
0.125313
0.2
6.95292e-310
0.2
0.161016
0.2
0.119445
0.2
0.2
6.95292e-310
0.00923949
6.95292e-310
0.2
0.2
6.95292e-310
6.95292e-310
6.95292e-310
0.2
6.95292e-310
6.95292e-310
6.95292e-310
0.0391036
0.2
0.2
0.0681048
6.95292e-310
0.0480814
6.95292e-310
6.95292e-310
6.95292e-310
0.052064
6.95292e-310
0.2
6.95292e-310
6.95292e-310
6.95292e-310
0.2
6.95292e-310
0.2
0.2
6.95292e-310
0.0053263
0.2
0.2
0.2
0.2
0.2
0.2
6.95292e-310
0.2
0.2
0.2
0.2
6.95292e-310
0.167607
6.95292e-310
6.95292e-310
0.2
0.2
6.95292e-310
0.2
6.95292e-310
0.2
0.0671264
0.2
0.2
0.2
6.95292e-310
0.2
0.2
6.95292e-310
6.95292e-310
0.00585169
0.2
6.95292e-310
6.95292e-310
0.2
0.0272193
0.2
0.2
0.2
6.95292e-310
0.122574
0.2
0.2
0.2
6.95292e-310
0.2
6.95292e-310
6.95292e-310
0.2
6.95292e-310
6.95292e-310
0.2
0.2
6.95292e-310
0.2
0.2
6.95292e-310
6.95292e-310
6.95292e-310
0.067367
6.95292e-310
0.2
0.2
0.0698455
0.2
0.2
0.2
0.2
0.2
0.184881
0.2
6.95292e-310
0.2
6.95292e-310
0.2
0.2
6.95292e-310
0.2
6.95292e-310
0.145992
0.2
6.95292e-310
6.95292e-310
0.127312
0.2
6.95292e-310
0.2
0.2
0.2
6.95292e-310
0.2
0.2
6.95292e-310
6.95292e-310
0.2
0.2
0.00215717
6.95292e-310
6.95292e-310
6.95292e-310
0.2
0.2
6.95292e-310
6.95292e-310
0.2
0.0281865
0.2
0.0493643
6.95292e-310
0.00895538
0.140541
0.2
6.95292e-310
0.116254
0.118738
0.00206013
0.2
0.0659044
0.2
0.2
6.95292e-310
6.95292e-310
0.2
6.95292e-310
0.0193968
0.0466622
0.2
0.2
0.2
0.00429504
0.2
6.95292e-310
0.2
6.95292e-310
6.95292e-310
0.2
6.95292e-310
0.2
6.95292e-310
6.95292e-310
6.95292e-310
0.00456022
6.95292e-310
0.2
0.0301008
0.2
6.95292e-310
0.2
0.2
0.2
6.95292e-310
6.95292e-310
0.2
0.0287243
0.0739601
0.2
0.2
0.0123039
6.95292e-310
0.199387
0.2
0.2
0.2
0.2
0.0419539
6.95292e-310
0.142652
6.95292e-310
0.2
0.2
0.0768357
0.2
6.95292e-310
6.95292e-310
0.162825
6.95292e-310
6.95292e-310
0.2
0.2
0.0471318
0.2
0.2
0.2
0.2
6.95292e-310
0.2
0.0969179
6.95292e-310
0.0178007
0.2
0.0535635
6.95292e-310
0.2
6.95292e-310
6.95292e-310
6.95292e-310
0.118901
0.0480339
0.2
6.95292e-310
0.2
0.2
0.159089
0.2
0.2
6.95292e-310
6.95292e-310
0.2
0.14788
0.2
0.2
0.2
0.2
0.2
0.2
0.0204904
0.2
6.95292e-310
0.2
0.0881587
0.2
6.95292e-310
0.2
6.95292e-310
0.0486763
6.95292e-310
0.2
0.2
0.2
0.2
6.95292e-310
0.2
0.187529
0.2
0.2
0.0477629
6.95292e-310
0.2
0.144925
0.0238318
0.0489984
6.95292e-310
6.95292e-310
0.2
0.2
6.95292e-310
6.95292e-310
6.95292e-310
0.2
0.2
0.136522
6.95292e-310
0.2
0.0161132
0.2
0.129322
0.2
0.2
0.2
0.2
0.2
0.2
0.2
0.0264096
0.2
0.2
6.95292e-310
0.129337
6.95292e-310
6.95292e-310
6.95292e-310
0.2
0.0392534
6.95292e-310
0.2
0.0213723
0.0271247
0.2
6.95292e-310
0.2
0.00352889
0.2
0.2
0.2
0.2
0.2
6.95292e-310
0.2
6.95292e-310
0.2
6.95292e-310
6.95292e-310
0.0628966
0.2
0.2
6.95292e-310
0.0056258
0.2
0.2
0.2
0.2
6.95292e-310
0.0861291
0.2
6.95292e-310
6.95292e-310
0.2
0.0012016
0.2
0.0399935
6.95292e-310
6.95292e-310
6.95292e-310
0.2
0.0858445
0.2
6.95292e-310
6.95292e-310
0.2
0.017667
0.2
0.2
0.0594416
0.0501038
6.95292e-310
0.2
6.95292e-310
6.95292e-310
6.95292e-310
0.2
0.0322172
0.2
0.2
0.2
0.2
0.2
0.2
6.95292e-310
6.95292e-310
0.2
6.95292e-310
6.95292e-310
6.95292e-310
0.2
0.2
0.2
0.2
6.95292e-310
0.0459709
0.2
6.95292e-310
6.95292e-310
6.95292e-310
0.127825
6.95292e-310
6.95292e-310
6.95292e-310
0.2
0.2
6.95292e-310
0.2
0.2
0.0441359
0.2
6.95292e-310
0.0552336
6.95292e-310
6.95292e-310
0.2
0.2
6.95292e-310
6.95292e-310
6.95292e-310
6.95292e-310
6.95292e-310
0.2
0.2
0.2
6.95292e-310
0.2
6.95292e-310
0.2
0.2
0.2
0.0371371
0.0299733
0.127867
6.95292e-310
0.2
0.2
6.95292e-310
6.95292e-310
0.2
0.0221813
0.0284311
0.2
6.95292e-310
6.95292e-310
0.2
0.2
0.173881
6.95292e-310
6.95292e-310
0.2
6.95292e-310
0.2
0.159971
0.022143
6.95292e-310
0.0230133
0.196509
0.2
6.95292e-310
6.95292e-310
0.2
6.95292e-310
0.127683
0.118481
0.0338561
0.187713
0.2
0.2
6.95292e-310
0.2
6.95292e-310
0.2
6.95292e-310
0.2
0.2
0.2
0.2
0.00663306
0.2
0.2
6.95292e-310
0.0610412
0.2
0.052507
6.95292e-310
6.95292e-310
0.2
0.2
0.0547365
0.0435426
6.95292e-310
6.95292e-310
0.2
0.2
6.95292e-310
0.0117281
0.048843
6.95292e-310
0.2
0.2
0.2
0.2
6.95292e-310
6.95292e-310
0.2
0.2
0.0741113
0.0476903
0.2
0.2
6.95292e-310
0.2
6.95292e-310
0.0784623
0.0429652
6.95292e-310
0.0213273
0.2
0.199428
6.95292e-310
0.2
0.0860176
6.95292e-310
6.95292e-310
0.2
0.2
6.95292e-310
0.0578858
6.95292e-310
6.95292e-310
0.173802
0.2
0.2
0.175111
6.95292e-310
0.0523843
0.0771085
0.2
0.2
0.2
0.2
0.2
6.95292e-310
0.142054
0.2
0.2
0.2
6.95292e-310
0.00597127
6.95292e-310
0.2
0.0340876
6.95292e-310
0.2
6.95292e-310
6.95292e-310
0.0853552
0.2
0.2
6.95292e-310
0.0573398
6.95292e-310
0.177734
0.2
6.95292e-310
0.2
0.00656206
0.0254186
0.2
6.95292e-310
6.95292e-310
6.95292e-310
0.2
0.2
0.2
6.95292e-310
0.2
0.2
0.2
6.95292e-310
0.00693948
6.95292e-310
0.0115412
6.95292e-310
6.95292e-310
6.95292e-310
6.95292e-310
6.95292e-310
6.95292e-310
0.2
6.95292e-310
0.2
0.2
0.2
0.133175
6.95292e-310
0.00737187
0.2
0.0803102
0.00876397
0.2
0.2
0.2
0.0429631
0.2
0.0859024
0.170437
0.2
6.95292e-310
0.2
6.95292e-310
6.95292e-310
6.95292e-310
0.2
6.95292e-310
0.022842
0.0865002
0.2
0.2
0.2
0.2
0.2
6.95292e-310
0.2
0.0169847
6.95292e-310
6.95292e-310
0.2
0.0652545
6.95292e-310
6.95292e-310
6.95292e-310
0.2
0.2
0.2
0.2
0.2
6.95292e-310
0.2
6.95292e-310
0.000175251
0.2
0.148265
6.95292e-310
6.95292e-310
0.2
6.95292e-310
6.95292e-310
6.95292e-310
0.2
0.130748
6.95292e-310
0.2
0.2
0.2
0.2
6.95292e-310
0.2
6.95292e-310
0.2
0.2
6.95292e-310
6.95292e-310
6.95292e-310
0.2
0.2
0.2
6.95292e-310
6.95292e-310
6.95292e-310
6.95292e-310
6.95292e-310
0.00671038
0.0692392
0.2
6.95292e-310
0.0268113
0.0124588
0.00297707
6.95292e-310
6.95292e-310
0.2
6.95292e-310
0.2
0.2
0.2
0.2
0.2
0.2
6.95292e-310
6.95292e-310
6.95292e-310
0.2
6.95292e-310
0.0439736
0.00818305
6.95292e-310
6.95292e-310
6.95292e-310
0.00145282
0.0164831
0.2
0.146856
0.0844414
6.95292e-310
0.0287773
0.2
0.2
6.95292e-310
6.95292e-310
0.2
6.95292e-310
0.2
6.95292e-310
0.2
6.95292e-310
0.2
0.2
0.2
0.2
6.95292e-310
0.0244351
0.2
0.0494194
6.95292e-310
0.0103672
6.95292e-310
6.95292e-310
0.2
0.0190869
0.2
0.2
0.2
6.95292e-310
0.2
6.95292e-310
0.2
0.2
0.2
6.95292e-310
6.95292e-310
0.2
0.0118504
6.95292e-310
0.165735
6.95292e-310
0.2
0.2
0.2
0.2
6.95292e-310
6.95292e-310
0.2
0.2
6.95292e-310
0.2
6.95292e-310
0.2
0.2
0.2
6.95292e-310
6.95292e-310
6.95292e-310
0.2
6.95292e-310
0.0400322
0.2
0.2
6.95292e-310
6.95292e-310
0.2
6.95292e-310
6.95292e-310
6.95292e-310
0.2
0.121741
0.198358
6.95292e-310
0.0693391
0.2
0.116353
0.029055
6.95292e-310
0.2
0.2
0.0810376
6.95292e-310
6.95292e-310
0.2
0.2
0.116513
0.2
6.95292e-310
6.95292e-310
0.2
0.2
0.2
0.2
0.2
0.2
6.95292e-310
0.2
0.2
6.95292e-310
0.2
0.2
6.95292e-310
6.95292e-310
6.95292e-310
0.2
0.0876641
0.2
0.2
0.0152287
0.2
6.95292e-310
6.95292e-310
6.95292e-310
6.95292e-310
0.0473385
0.00466016
6.95292e-310
6.95292e-310
0.2
6.95292e-310
0.2
0.0605992
6.95292e-310
6.95292e-310
0.0206071
0.2
0.2
6.95292e-310
6.95292e-310
0.0960823
0.2
0.2
0.00367706
0.2
6.95292e-310
0.0466863
6.95292e-310
6.95292e-310
6.95292e-310
0.2
0.2
0.2
0.2
6.95292e-310
6.95292e-310
0.183751
0.2
0.2
0.0580896
0.2
0.00187576
6.95292e-310
0.2
0.2
6.95292e-310
0.011196
6.95292e-310
0.0213289
6.95292e-310
0.2
6.95292e-310
0.2
0.2
0.2
0.2
0.2
0.2
0.2
0.2
0.2
0.2
0.2
6.95292e-310
0.2
0.2
6.95292e-310
0.2
6.95292e-310
6.95292e-310
0.0855297
6.95292e-310
6.95292e-310
6.95292e-310
6.95292e-310
0.2
6.95292e-310
0.2
0.2
6.95292e-310
0.196897
0.0563806
6.95292e-310
0.118897
6.95292e-310
0.2
0.2
0.2
6.95292e-310
6.95292e-310
0.2
0.00523098
0.065201
0.2
6.95292e-310
6.95292e-310
6.95292e-310
6.95292e-310
0.2
0.2
0.2
0.00585083
0.0532262
0.00548274
6.95292e-310
6.95292e-310
0.2
0.2
0.2
0.2
6.95292e-310
6.95292e-310
0.2
0.2
6.95292e-310
0.0432399
0.2
0.2
0.2
0.2
0.2
0.2
6.95292e-310
0.0192532
0.2
6.95292e-310
6.95292e-310
6.95292e-310
6.95292e-310
0.2
0.2
0.2
0.2
0.0324526
0.2
6.95292e-310
0.2
0.0875173
0.2
6.95292e-310
0.0723713
6.95292e-310
0.0127902
0.2
0.2
0.0497658
0.2
0.0201589
6.95292e-310
6.95292e-310
0.2
6.95292e-310
6.95292e-310
6.95292e-310
0.2
0.2
6.95292e-310
0.2
0.2
0.2
6.95292e-310
0.0077915
0.2
0.0460808
0.139824
6.95292e-310
0.0855971
0.2
6.95292e-310
0.143056
0.0339269
0.0213269
6.95292e-310
6.95292e-310
0.073666
6.95292e-310
0.0114289
0.2
0.2
0.2
6.95292e-310
6.95292e-310
6.95292e-310
0.107243
0.2
6.95292e-310
6.95292e-310
0.119548
6.95292e-310
6.95292e-310
0.2
0.2
0.2
0.2
0.2
0.2
0.2
0.0481238
0.2
0.0252061
0.2
0.2
0.2
0.2
6.95292e-310
0.2
0.0331815
0.2
0.2
0.2
6.95292e-310
0.2
0.2
0.0461752
6.95292e-310
0.0698864
0.2
6.95292e-310
0.0300261
0.2
0.2
0.2
0.2
0.2
0.2
0.056869
0.2
0.2
0.2
6.95292e-310
0.2
6.95292e-310
0.2
0.2
0.0843859
6.95292e-310
0.2
0.2
0.0440502
0.2
0.2
6.95292e-310
6.95292e-310
0.2
0.0663628
0.2
0.117088
0.0442829
0.2
0.2
0.2
6.95292e-310
0.2
6.95292e-310
0.2
0.2
0.2
0.2
6.95292e-310
0.2
0.2
0.2
0.0160952
0.0685314
0.0282927
0.2
0.2
0.2
6.95292e-310
0.2
6.95292e-310
0.2
0.2
6.95292e-310
0.0355713
0.0395382
0.2
0.0146706
0.2
0.2
6.95292e-310
0.2
6.95292e-310
0.2
0.2
0.2
0.2
0.2
0.0441749
0.2
0.0796995
0.0257217
0.006734
6.95292e-310
0.2
0.0247767
6.95292e-310
0.2
6.95292e-310
0.198512
6.95292e-310
0.2
6.95292e-310
0.2
0.2
0.2
0.2
0.0203309
6.95292e-310
0.2
0.2
6.95292e-310
0.2
0.2
0.2
6.95292e-310
0.2
0.2
0.2
0.0840018
0.000177186
6.95292e-310
0.2
0.2
0.0191137
0.2
0.2
6.95292e-310
0.2
6.95292e-310
0.2
6.95292e-310
6.95292e-310
6.95292e-310
6.95292e-310
6.95292e-310
6.95292e-310
0.2
0.2
0.2
0.2
0.2
0.0091291
6.95292e-310
0.0164775
0.065365
0.2
0.0265118
0.2
0.176673
0.2
0.2
0.2
6.95292e-310
0.2
0.2
0.2
0.0221943
0.2
6.95292e-310
0.2
0.2
0.2
0.2
0.2
0.2
6.95292e-310
0.2
0.2
0.2
0.2
6.95292e-310
0.2
0.2
0.0222462
6.95292e-310
6.95292e-310
6.95292e-310
0.2
6.95292e-310
0.0167904
6.95292e-310
0.2
6.95292e-310
0.0466368
6.95292e-310
0.0844922
0.2
0.2
0.144814
0.00139192
0.2
0.2
0.046019
0.2
0.2
0.2
0.2
0.2
0.2
0.0736566
6.95292e-310
6.95292e-310
0.00955843
0.0111059
0.00895343
0.2
0.0558759
0.2
0.2
0.2
0.2
6.95292e-310
0.0856382
0.2
0.2
0.2
6.95292e-310
0.2
6.95292e-310
0.2
0.0245393
6.95292e-310
0.118652
6.95292e-310
6.95292e-310
6.95292e-310
0.123602
0.178098
0.2
0.2
0.2
0.16643
0.2
0.2
0.2
0.187775
6.95292e-310
0.2
0.0132757
0.0868513
6.95292e-310
0.2
0.2
0.0107502
0.000619463
6.95292e-310
0.2
6.95292e-310
0.2
6.95292e-310
0.2
6.95292e-310
0.2
6.95292e-310
0.0818316
6.95292e-310
0.0616184
0.2
0.0118215
6.95292e-310
0.2
0.2
0.2
0.0388962
0.2
0.2
0.2
6.95292e-310
6.95292e-310
0.2
0.2
6.95292e-310
0.2
0.0299959
6.95292e-310
0.2
0.2
6.95292e-310
0.0573866
6.95292e-310
0.2
0.2
6.95292e-310
0.2
0.0130917
0.0869052
0.2
0.2
0.2
0.00717275
0.0285885
0.2
0.2
6.95292e-310
6.95292e-310
0.2
0.2
0.2
0.0261844
6.95292e-310
0.0571952
0.2
0.2
0.2
0.0328047
0.2
6.95292e-310
0.00273493
0.2
6.95292e-310
6.95292e-310
0.00391895
6.95292e-310
6.95292e-310
0.2
0.2
6.95292e-310
0.2
6.95292e-310
0.2
0.2
0.2
6.95292e-310
0.2
0.128091
0.2
6.95292e-310
0.2
0.2
0.2
0.2
0.2
6.95292e-310
6.95292e-310
6.95292e-310
6.95292e-310
0.2
0.2
6.95292e-310
0.2
0.169645
0.0517419
0.122557
6.95292e-310
0.00812527
6.95292e-310
0.2
0.2
6.95292e-310
0.2
0.000811513
0.0328825
0.2
0.2
6.95292e-310
0.2
0.0495533
0.2
6.95292e-310
0.2
0.2
0.2
0.2
0.2
0.2
0.2
6.95292e-310
0.2
0.2
0.2
6.95292e-310
0.2
6.95292e-310
0.0251698
6.95292e-310
6.95292e-310
6.95292e-310
0.2
6.95292e-310
6.95292e-310
0.2
0.0868046
0.2
6.95292e-310
6.95292e-310
0.2
0.2
0.2
0.2
0.00959027
0.2
0.2
6.95292e-310
0.2
0.2
0.0106527
0.2
0.2
6.95292e-310
0.2
0.2
0.2
6.95292e-310
6.95292e-310
6.95292e-310
0.2
0.00237966
0.2
0.2
0.2
0.2
0.2
6.95292e-310
0.2
0.2
6.95292e-310
0.078826
0.2
6.95292e-310
6.95292e-310
0.2
6.95292e-310
0.2
6.95292e-310
6.95292e-310
6.95292e-310
6.95292e-310
6.95292e-310
0.2
0.19931
0.2
0.2
0.167557
0.0869999
0.2
0.2
0.0538562
0.2
6.95292e-310
0.2
0.0163776
0.171438
6.95292e-310
0.2
0.2
0.2
0.169924
0.0322591
6.95292e-310
6.95292e-310
0.2
0.0850065
0.2
6.95292e-310
0.2
0.012128
0.2
0.2
0.0438946
0.2
0.0179072
0.135248
0.2
0.126298
0.0202345
6.95292e-310
0.2
0.2
6.95292e-310
0.0786047
0.2
0.0331826
0.2
0.2
6.95292e-310
0.0792138
0.0717104
0.2
0.2
0.0346634
6.95292e-310
0.2
0.0824394
0.00886941
0.2
0.2
0.0132944
0.2
0.0843341
0.2
0.2
0.2
0.2
0.2
0.2
0.2
0.2
0.00787161
0.0744557
0.2
6.95292e-310
0.2
0.2
0.2
0.0814797
0.2
0.2
0.2
0.00785258
6.95292e-310
0.2
6.95292e-310
0.2
0.171936
6.95292e-310
0.2
6.95292e-310
6.95292e-310
0.130957
0.0257733
0.2
0.2
6.95292e-310
6.95292e-310
0.0714657
6.95292e-310
0.2
0.2
6.95292e-310
0.116535
0.2
0.144128
6.95292e-310
6.95292e-310
0.2
6.95292e-310
6.95292e-310
0.2
6.95292e-310
0.2
0.2
0.2
0.2
6.95292e-310
6.95292e-310
