0.2
0.0578186
0.2
0.2
0.00440697
0.2
6.91075e-310
0.2
6.91075e-310
0.2
0.0856842
6.91075e-310
6.91075e-310
0.2
0.2
6.91075e-310
0.2
0.2
0.024259
0.2
6.91075e-310
0.2
6.91075e-310
0.2
0.2
0.2
6.91075e-310
6.91075e-310
0.2
6.91075e-310
0.00388881
6.91075e-310
0.2
6.91075e-310
0.0368584
0.2
0.2
6.91075e-310
0.0658273
6.91075e-310
6.91075e-310
0.00272202
0.2
6.91075e-310
6.91075e-310
0.2
6.91075e-310
0.2
0.2
6.91075e-310
6.91075e-310
6.91075e-310
0.2
0.2
0.2
6.91075e-310
0.2
0.2
6.91075e-310
6.91075e-310
0.2
0.0816173
0.2
0.2
0.0646827
0.00865366
0.2
0.159417
0.2
6.91075e-310
0.2
6.91075e-310
0.2
0.2
0.2
0.015932
0.0460918
0.2
6.91075e-310
6.91075e-310
0.2
0.2
0.2
6.91075e-310
0.2
0.2
6.91075e-310
0.2
6.91075e-310
0.2
0.2
0.0108047
0.0446326
0.102686
0.2
0.154918
0.132845
0.2
6.91075e-310
0.2
0.2
0.2
0.2
6.91075e-310
0.2
6.91075e-310
0.2
0.2
0.2
0.00396115
6.91075e-310
0.2
6.91075e-310
6.91075e-310
6.91075e-310
0.2
0.2
0.2
0.2
0.2
0.00321999
6.91075e-310
0.0268427
0.2
0.2
0.2
6.91075e-310
0.2
0.2
0.2
0.000418005
0.1398
6.91075e-310
0.0314301
0.2
6.91075e-310
6.91075e-310
6.91075e-310
0.2
0.2
0.2
6.91075e-310
0.2
6.91075e-310
0.0236087
0.0185628
0.2
6.91075e-310
0.2
0.2
0.2
6.91075e-310
6.91075e-310
0.2
0.2
6.91075e-310
6.91075e-310
0.2
6.91075e-310
6.91075e-310
0.16775
0.0212724
0.2
0.0603065
0.2
6.91075e-310
0.2
6.91075e-310
0.2
0.2
0.2
0.0733004
6.91075e-310
6.91075e-310
0.2
0.2
0.2
0.2
0.2
0.00181274
0.2
0.2
0.2
0.2
6.91075e-310
0.2
0.2
0.0548066
0.2
6.91075e-310
0.2
0.0528494
0.00405729
6.91075e-310
6.91075e-310
0.2
0.2
6.91075e-310
0.0176471
6.91075e-310
6.91075e-310
6.91075e-310
6.91075e-310
0.2
0.2
6.91075e-310
6.91075e-310
6.91075e-310
6.91075e-310
0.0438764
0.2
6.91075e-310
6.91075e-310
0.2
0.2
0.2
6.91075e-310
6.91075e-310
0.2
0.188701
6.91075e-310
6.91075e-310
0.0297974
0.00857425
6.91075e-310
0.2
0.2
6.91075e-310
0.2
0.0853184
0.155812
0.2
0.0506249
0.2
0.2
0.0181116
0.2
0.2
0.2
6.91075e-310
0.2
0.2
0.2
6.91075e-310
0.2
6.91075e-310
0.2
0.2
0.2
0.0482241
6.91075e-310
6.91075e-310
0.2
0.0360769
0.0241641
0.2
6.91075e-310
6.91075e-310
0.167202
6.91075e-310
0.2
0.031054
0.2
0.2
0.2
0.191676
0.2
0.2
0.2
0.0241059
0.00491949
0.0430069
0.2
0.2
0.0297575
0.2
6.91075e-310
0.2
6.91075e-310
0.2
0.2
0.0525936
0.2
6.91075e-310
0.2
0.2
0.2
6.91075e-310
0.2
0.2
0.2
6.91075e-310
0.2
0.2
6.91075e-310
0.2
6.91075e-310
0.2
0.2
0.2
6.91075e-310
0.2
6.91075e-310
6.91075e-310
0.2
6.91075e-310
6.91075e-310
6.91075e-310
0.2
0.0589558
0.2
6.91075e-310
6.91075e-310
6.91075e-310
6.91075e-310
6.91075e-310
0.0245691
0.2
6.91075e-310
0.2
0.2
0.2
0.2
0.2
6.91075e-310
0.2
0.2
6.91075e-310
0.2
6.91075e-310
0.2
0.2
0.0426428
0.2
0.2
6.91075e-310
0.2
0.2
0.2
0.2
0.0839552
0.2
6.91075e-310
0.0480776
0.0561259
0.2
0.2
0.2
6.91075e-310
6.91075e-310
6.91075e-310
6.91075e-310
0.2
0.2
6.91075e-310
0.2
0.2
6.91075e-310
0.2
0.2
6.91075e-310
0.2
0.0559916
0.2
6.91075e-310
6.91075e-310
0.0667817
0.0389201
0.0519281
6.91075e-310
0.0853421
0.2
6.91075e-310
0.2
6.91075e-310
0.2
0.01844
0.2
0.2
0.2
6.91075e-310
6.91075e-310
0.0840244
0.2
0.0496854
0.2
0.2
0.2
0.2
6.91075e-310
0.2
6.91075e-310
0.2
0.2
6.91075e-310
6.91075e-310
6.91075e-310
6.91075e-310
0.2
0.2
0.2
0.2
0.0762353
0.2
0.2
0.0133152
0.2
6.91075e-310
6.91075e-310
0.2
0.2
0.2
0.2
0.2
0.0857338
6.91075e-310
0.2
0.2
0.2
0.0304217
0.2
0.00048207
0.2
6.91075e-310
0.2
6.91075e-310
0.2
6.91075e-310
0.0456041
0.2
0.07434
6.91075e-310
0.00887351
0.2
0.077234
0.2
6.91075e-310
0.185956
6.91075e-310
6.91075e-310
6.91075e-310
0.2
0.2
0.2
6.91075e-310
0.2
0.2
0.2
0.2
0.2
0.2
0.2
0.0310926
0.2
6.91075e-310
0.0843069
0.2
0.2
0.2
0.2
0.2
0.2
6.91075e-310
0.2
0.2
6.91075e-310
0.2
6.91075e-310
0.0596902
0.2
6.91075e-310
0.2
6.91075e-310
0.2
0.0364256
0.2
0.0201225
0.117691
0.113435
0.2
0.2
6.91075e-310
0.2
6.91075e-310
6.91075e-310
6.91075e-310
0.2
0.0638979
0.139537
0.2
6.91075e-310
0.2
6.91075e-310
6.91075e-310
6.91075e-310
0.2
0.2
0.2
0.2
0.2
0.2
6.91075e-310
0.2
0.2
0.035698
0.2
0.0434988
0.2
0.168031
0.2
0.0376816
6.91075e-310
0.2
6.91075e-310
0.2
0.0116034
6.91075e-310
0.2
0.0722359
0.2
0.2
0.0857736
0.2
0.2
0.2
0.2
6.91075e-310
6.91075e-310
0.0838188
0.2
0.2
0.140843
0.00412767
0.2
0.2
0.2
0.2
0.2
6.91075e-310
6.91075e-310
0.2
0.0618773
0.2
0.0728956
0.2
0.115386
0.2
0.2
0.100446
6.91075e-310
0.2
0.2
0.2
6.91075e-310
0.0415079
0.2
0.00249287
0.2
0.0800393
0.00551153
0.2
6.91075e-310
0.0719632
0.2
0.2
0.2
0.143814
0.2
0.2
6.91075e-310
6.91075e-310
6.91075e-310
0.2
0.120015
6.91075e-310
6.91075e-310
6.91075e-310
0.0609056
0.00340278
6.91075e-310
0.022703
0.2
0.0823008
6.91075e-310
6.91075e-310
0.2
6.91075e-310
0.2
0.2
0.2
0.2
0.2
6.91075e-310
6.91075e-310
0.0305371
0.2
6.91075e-310
0.2
0.2
6.91075e-310
0.2
0.2
6.91075e-310
0.2
0.2
0.2
0.2
0.2
6.91075e-310
0.2
0.0723624
0.026157
0.2
0.2
0.2
6.91075e-310
0.2
0.2
0.2
0.2
0.2
6.91075e-310
6.91075e-310
0.2
6.91075e-310
0.00647665
6.91075e-310
0.2
6.91075e-310
0.2
0.2
6.91075e-310
6.91075e-310
6.91075e-310
0.026527
0.2
6.91075e-310
6.91075e-310
6.91075e-310
0.0161595
0.2
0.0229431
0.2
0.2
0.141001
6.91075e-310
0.2
0.2
6.91075e-310
6.91075e-310
0.000861249
0.125043
0.2
6.91075e-310
6.91075e-310
6.91075e-310
0.2
0.2
0.087722
6.91075e-310
0.2
6.91075e-310
0.2
0.2
0.125268
0.2
6.91075e-310
0.2
6.91075e-310
6.91075e-310
6.91075e-310
0.2
0.0270574
0.2
0.2
0.2
0.2
0.2
0.2
0.2
0.0233633
6.91075e-310
0.2
0.145404
6.91075e-310
6.91075e-310
0.2
6.91075e-310
0.2
0.2
0.2
0.2
0.2
6.91075e-310
0.2
6.91075e-310
0.2
0.00666288
0.2
6.91075e-310
0.10462
6.91075e-310
0.2
6.91075e-310
6.91075e-310
6.91075e-310
6.91075e-310
0.2
6.91075e-310
0.2
6.91075e-310
0.2
0.0362304
0.0335037
0.2
0.2
0.2
0.2
0.2
6.91075e-310
0.0198341
0.2
6.91075e-310
0.0246617
0.2
0.170766
0.2
0.2
0.2
6.91075e-310
0.2
0.2
0.2
6.91075e-310
6.91075e-310
0.2
6.91075e-310
0.2
0.2
0.2
6.91075e-310
0.2
6.91075e-310
0.2
0.2
0.2
6.91075e-310
6.91075e-310
0.2
0.2
6.91075e-310
0.2
0.2
0.2
6.91075e-310
0.2
0.2
0.2
0.2
6.91075e-310
0.00279765
0.0353222
0.2
6.91075e-310
0.0362703
6.91075e-310
0.2
0.2
6.91075e-310
0.2
6.91075e-310
0.2
6.91075e-310
0.0652882
6.91075e-310
0.2
6.91075e-310
0.2
0.2
0.2
6.91075e-310
6.91075e-310
6.91075e-310
6.91075e-310
0.2
6.91075e-310
0.2
0.2
6.91075e-310
6.91075e-310
0.2
0.2
0.2
0.2
0.2
0.2
0.154079
0.2
6.91075e-310
0.2
6.91075e-310
6.91075e-310
0.00615446
0.2
6.91075e-310
0.2
0.2
0.2
0.2
0.2
0.105863
0.2
6.91075e-310
0.2
0.2
0.2
0.029088
0.2
0.2
6.91075e-310
0.2
0.2
0.2
0.2
0.0553768
0.2
0.2
6.91075e-310
6.91075e-310
0.0234411
0.2
6.91075e-310
6.91075e-310
0.0202987
6.91075e-310
6.91075e-310
0.2
0.05775
6.91075e-310
0.2
0.2
0.2
0.2
0.0253018
6.91075e-310
0.2
6.91075e-310
0.2
0.2
6.91075e-310
0.2
0.2
0.2
6.91075e-310
6.91075e-310
6.91075e-310
6.91075e-310
6.91075e-310
6.91075e-310
0.2
6.91075e-310
6.91075e-310
6.91075e-310
0.2
0.0462642
6.91075e-310
0.0587638
6.91075e-310
0.0459931
6.91075e-310
0.2
0.2
0.000203217
0.2
0.2
0.2
6.91075e-310
6.91075e-310
6.91075e-310
0.2
0.0233912
0.112681
6.91075e-310
6.91075e-310
6.91075e-310
0.2
0.2
0.2
0.2
0.148951
0.2
0.2
6.91075e-310
6.91075e-310
6.91075e-310
0.2
0.0619216
0.2
6.91075e-310
0.2
6.91075e-310
0.2
6.91075e-310
6.91075e-310
6.91075e-310
0.2
0.2
0.0214741
0.2
0.0200588
6.91075e-310
0.2
6.91075e-310
0.0250335
0.2
0.2
6.91075e-310
6.91075e-310
6.91075e-310
6.91075e-310
6.91075e-310
6.91075e-310
0.2
0.2
6.91075e-310
6.91075e-310
6.91075e-310
0.2
0.2
6.91075e-310
0.2
6.91075e-310
6.91075e-310
0.0169926
6.91075e-310
0.2
0.2
0.115517
0.2
0.0562467
6.91075e-310
0.0167012
6.91075e-310
0.2
6.91075e-310
0.2
6.91075e-310
6.91075e-310
0.177644
0.2
0.2
0.2
0.2
0.2
0.2
0.2
0.2
0.2
6.91075e-310
0.0303452
0.0310694
0.2
0.2
6.91075e-310
6.91075e-310
6.91075e-310
0.2
0.2
0.2
6.91075e-310
0.180465
0.2
0.00963765
6.91075e-310
0.2
6.91075e-310
0.2
0.2
0.2
0.068696
0.2
6.91075e-310
0.0187826
0.0442269
0.2
0.2
0.2
0.2
6.91075e-310
0.2
0.118574
0.2
6.91075e-310
6.91075e-310
6.91075e-310
0.2
0.2
0.2
0.2
6.91075e-310
6.91075e-310
6.91075e-310
0.2
6.91075e-310
6.91075e-310
0.2
6.91075e-310
0.2
6.91075e-310
6.91075e-310
0.2
0.2
0.2
0.0801876
0.131245
0.2
0.2
0.00632746
0.2
0.0203919
6.91075e-310
6.91075e-310
0.2
0.2
6.91075e-310
0.115441
6.91075e-310
6.91075e-310
0.2
6.91075e-310
0.2
0.2
6.91075e-310
0.2
0.182208
6.91075e-310
6.91075e-310
0.2
6.91075e-310
0.2
0.2
6.91075e-310
0.2
0.0586672
6.91075e-310
6.91075e-310
0.2
0.2
0.2
0.2
0.2
0.2
0.0748347
0.0257648
6.91075e-310
6.91075e-310
0.2
0.2
0.2
6.91075e-310
6.91075e-310
0.00733485
6.91075e-310
0.2
6.91075e-310
0.2
6.91075e-310
0.2
6.91075e-310
0.2
0.2
6.91075e-310
0.0204061
0.2
0.2
0.2
0.2
0.025674
0.0412894
0.2
6.91075e-310
0.2
0.130118
0.2
6.91075e-310
0.2
6.91075e-310
0.184985
6.91075e-310
6.91075e-310
0.125247
0.2
6.91075e-310
6.91075e-310
6.91075e-310
0.2
0.2
0.2
0.2
6.91075e-310
6.91075e-310
0.0861807
6.91075e-310
6.91075e-310
6.91075e-310
6.91075e-310
0.0229003
6.91075e-310
6.91075e-310
0.2
6.91075e-310
6.91075e-310
6.91075e-310
6.91075e-310
6.91075e-310
0.2
0.2
0.2
0.2
6.91075e-310
0.2
0.2
0.2
6.91075e-310
0.00111224
0.2
6.91075e-310
0.2
0.2
0.2
0.2
6.91075e-310
6.91075e-310
6.91075e-310
0.0343876
0.0302036
6.91075e-310
0.2
0.2
0.2
0.2
0.2
0.2
0.147547
6.91075e-310
0.0349854
0.2
6.91075e-310
6.91075e-310
0.2
0.2
0.2
0.0533555
6.91075e-310
0.2
6.91075e-310
0.139897
0.2
6.91075e-310
0.2
0.2
0.2
0.2
0.2
0.2
6.91075e-310
6.91075e-310
0.2
6.91075e-310
6.91075e-310
0.2
0.2
6.91075e-310
6.91075e-310
6.91075e-310
6.91075e-310
6.91075e-310
0.2
0.2
0.2
6.91075e-310
6.91075e-310
0.2
0.2
0.2
6.91075e-310
0.2
6.91075e-310
0.2
0.2
0.2
0.2
0.2
0.2
0.2
0.2
0.0299902
0.2
6.91075e-310
0.00824836
0.2
0.2
6.91075e-310
0.0325439
0.2
6.91075e-310
6.91075e-310
0.2
0.2
0.134183
0.2
0.2
0.0826669
6.91075e-310
0.2
6.91075e-310
0.2
0.2
6.91075e-310
6.91075e-310
0.2
6.91075e-310
6.91075e-310
6.91075e-310
6.91075e-310
6.91075e-310
6.91075e-310
6.91075e-310
0.2
0.0467477
6.91075e-310
0.2
0.022941
6.91075e-310
0.0243363
0.2
0.2
6.91075e-310
0.2
6.91075e-310
6.91075e-310
6.91075e-310
0.2
0.2
0.0150686
0.021476
0.0778648
0.0695452
0.119866
6.91075e-310
0.2
0.0803115
0.0314742
0.2
0.2
6.91075e-310
0.2
0.2
6.91075e-310
0.2
0.2
0.2
6.91075e-310
0.2
0.0438399
6.91075e-310
0.2
6.91075e-310
6.91075e-310
6.91075e-310
0.2
0.0836536
0.2
0.0615661
0.2
0.2
0.119666
6.91075e-310
0.2
0.2
0.2
0.2
0.2
0.2
6.91075e-310
0.2
0.2
6.91075e-310
0.121647
0.2
0.2
0.2
0.2
6.91075e-310
6.91075e-310
0.0719584
0.0162768
6.91075e-310
6.91075e-310
0.2
0.2
0.2
0.2
6.91075e-310
0.2
6.91075e-310
6.91075e-310
0.2
6.91075e-310
0.00336168
6.91075e-310
0.2
6.91075e-310
0.2
0.2
0.0222736
0.2
0.182994
0.2
0.2
6.91075e-310
0.0574016
6.91075e-310
0.0574891
0.00961423
6.91075e-310
0.2
0.2
0.183717
0.2
0.2
0.0404066
0.2
6.91075e-310
0.2
0.2
0.2
6.91075e-310
6.91075e-310
0.0179733
0.2
0.2
6.91075e-310
0.2
6.91075e-310
0.2
0.2
0.2
0.2
0.2
0.2
0.0283664
0.2
0.2
6.91075e-310
0.2
0.2
6.91075e-310
6.91075e-310
0.2
6.91075e-310
6.91075e-310
6.91075e-310
6.91075e-310
0.2
0.2
6.91075e-310
0.2
0.0325206
0.0806694
6.91075e-310
6.91075e-310
0.2
0.2
6.91075e-310
0.2
0.2
0.2
0.2
0.0340268
6.91075e-310
0.2
0.2
0.19032
0.2
6.91075e-310
0.2
6.91075e-310
0.2
0.2
0.2
0.2
6.91075e-310
6.91075e-310
6.91075e-310
6.91075e-310
0.2
0.0449806
6.91075e-310
0.0741788
6.91075e-310
6.91075e-310
0.2
0.2
6.91075e-310
6.91075e-310
6.91075e-310
0.2
0.2
0.0177872
0.2
0.2
0.0462095
0.2
0.2
6.91075e-310
0.0491598
0.0237433
6.91075e-310
0.2
6.91075e-310
6.91075e-310
0.2
0.2
0.2
0.0781312
0.2
0.2
0.2
0.2
0.164063
6.91075e-310
0.153927
0.2
0.2
6.91075e-310
0.2
0.2
0.2
0.2
0.0148537
0.2
6.91075e-310
0.2
0.0504009
0.00201582
0.2
6.91075e-310
0.2
6.91075e-310
6.91075e-310
0.0229634
6.91075e-310
6.91075e-310
0.2
0.2
6.91075e-310
0.2
6.91075e-310
6.91075e-310
6.91075e-310
0.2
0.2
0.2
6.91075e-310
0.2
0.00830325
0.2
0.2
0.130602
0.2
6.91075e-310
0.0681948
0.2
0.2
0.2
6.91075e-310
0.0490677
0.2
0.0365668
6.91075e-310
6.91075e-310
6.91075e-310
0.0873367
0.0879257
6.91075e-310
0.2
0.2
0.2
0.2
0.2
6.91075e-310
0.00857099
0.2
0.0616979
0.2
0.2
0.2
0.2
6.91075e-310
6.91075e-310
6.91075e-310
0.2
0.2
6.91075e-310
0.2
0.2
0.2
6.91075e-310
0.2
0.0103727
0.014466
0.2
0.0883257
0.2
0.047578
6.91075e-310
0.2
6.91075e-310
6.91075e-310
0.2
0.184471
0.2
6.91075e-310
6.91075e-310
6.91075e-310
0.2
0.2
0.0210656
0.2
0.2
0.0733469
6.91075e-310
0.2
6.91075e-310
0.135184
0.128225
0.2
0.2
0.2
0.0279558
6.91075e-310
0.0640873
6.91075e-310
6.91075e-310
0.0658693
6.91075e-310
0.2
0.2
6.91075e-310
0.2
0.0294278
6.91075e-310
0.2
0.2
0.2
6.91075e-310
0.2
6.91075e-310
6.91075e-310
6.91075e-310
6.91075e-310
0.035493
6.91075e-310
0.2
6.91075e-310
0.032765
0.2
0.2
0.2
0.2
0.2
6.91075e-310
6.91075e-310
0.0824505
0.2
6.91075e-310
0.2
0.2
6.91075e-310
6.91075e-310
0.2
0.0255111
6.91075e-310
0.2
6.91075e-310
0.2
6.91075e-310
0.2
6.91075e-310
0.2
0.13291
0.2
0.2
6.91075e-310
0.2
0.00158141
6.91075e-310
0.2
6.91075e-310
0.2
0.2
0.2
0.2
0.2
6.91075e-310
0.2
0.0114418
0.2
6.91075e-310
0.2
0.2
0.2
0.2
6.91075e-310
0.2
0.2
0.2
0.2
0.2
0.2
6.91075e-310
6.91075e-310
0.2
0.2
0.00418548
6.91075e-310
0.2
6.91075e-310
0.2
6.91075e-310
0.2
0.2
6.91075e-310
0.2
6.91075e-310
0.2
6.91075e-310
0.2
6.91075e-310
6.91075e-310
0.2
0.2
0.2
0.2
6.91075e-310
6.91075e-310
6.91075e-310
6.91075e-310
6.91075e-310
6.91075e-310
0.2
0.2
0.0293317
6.91075e-310
0.2
0.2
0.2
6.91075e-310
6.91075e-310
6.91075e-310
0.2
6.91075e-310
6.91075e-310
6.91075e-310
0.2
0.2
0.0694197
0.2
0.2
0.2
6.91075e-310
0.2
0.2
0.2
6.91075e-310
6.91075e-310
0.2
6.91075e-310
0.2
6.91075e-310
0.2
0.2
0.2
0.2
6.91075e-310
6.91075e-310
0.2
0.2
0.2
0.2
0.00819959
0.2
0.2
6.91075e-310
6.91075e-310
0.2
0.2
0.2
0.2
0.0742162
0.0447864
0.0236566
0.2
0.2
0.2
6.91075e-310
0.2
6.91075e-310
0.2
0.2
0.2
6.91075e-310
6.91075e-310
0.2
6.91075e-310
0.2
0.2
0.2
0.2
6.91075e-310
0.2
6.91075e-310
0.0161711
0.2
0.2
0.0350635
0.2
0.2
0.2
0.2
6.91075e-310
0.2
0.2
6.91075e-310
6.91075e-310
0.2
6.91075e-310
6.91075e-310
0.2
6.91075e-310
0.2
0.2
0.2
0.2
6.91075e-310
0.2
0.0492655
0.2
0.2
0.2
0.0719309
6.91075e-310
0.0824775
0.00520017
6.91075e-310
0.2
0.0557595
0.2
0.2
0.2
6.91075e-310
0.2
0.2
0.2
0.07331
6.91075e-310
6.91075e-310
0.2
0.2
0.2
6.91075e-310
6.91075e-310
0.2
6.91075e-310
0.2
6.91075e-310
0.2
0.0467736
0.0337132
0.2
0.00495023
0.0560273
6.91075e-310
0.2
0.2
6.91075e-310
0.2
0.00178269
6.91075e-310
0.0275031
0.2
0.2
0.2
0.2
0.2
0.0339087
6.91075e-310
0.2
0.0676185
0.147814
0.2
0.2
0.166034
0.2
0.129228
6.91075e-310
0.135235
6.91075e-310
6.91075e-310
0.2
0.2
6.91075e-310
0.2
0.2
6.91075e-310
6.91075e-310
0.2
0.2
0.0609487
6.91075e-310
0.2
0.2
0.2
0.123219
0.0187632
0.2
6.91075e-310
0.2
6.91075e-310
0.2
0.2
0.2
0.0418315
0.2
0.2
0.2
0.01919
0.2
0.2
0.2
6.91075e-310
0.2
6.91075e-310
6.91075e-310
6.91075e-310
6.91075e-310
0.2
0.2
0.2
6.91075e-310
0.2
0.166433
0.0721801
6.91075e-310
0.0375963
6.91075e-310
0.2
0.2
0.04198
0.134549
0.2
0.2
0.00786372
0.0230047
6.91075e-310
6.91075e-310
0.0625404
0.2
6.91075e-310
6.91075e-310
6.91075e-310
0.0578477
6.91075e-310
0.2
6.91075e-310
0.2
0.2
6.91075e-310
0.2
0.2
0.0656281
6.91075e-310
0.0427566
6.91075e-310
0.2
0.0841146
0.00948401
0.2
0.2
0.2
0.2
6.91075e-310
0.024499
0.2
6.91075e-310
0.0355669
0.2
0.2
0.0352507
0.2
6.91075e-310
0.0373404
0.0522154
6.91075e-310
0.2
6.91075e-310
6.91075e-310
0.2
0.2
0.2
6.91075e-310
0.2
6.91075e-310
6.91075e-310
6.91075e-310
6.91075e-310
0.00727263
0.2
0.2
6.91075e-310
0.2
0.2
0.2
0.2
0.2
6.91075e-310
0.2
6.91075e-310
0.2
0.2
0.2
6.91075e-310
6.91075e-310
0.2
0.0139474
0.2
0.0535217
6.91075e-310
0.2
0.2
6.91075e-310
0.2
0.0705026
6.91075e-310
0.121421
0.2
6.91075e-310
0.2
6.91075e-310
0.2
0.2
6.91075e-310
6.91075e-310
0.0802228
0.2
6.91075e-310
6.91075e-310
0.0724856
0.2
6.91075e-310
0.044214
0.2
0.2
6.91075e-310
0.2
6.91075e-310
6.91075e-310
6.91075e-310
0.0642338
0.00129538
0.2
6.91075e-310
0.0171758
6.91075e-310
0.2
6.91075e-310
6.91075e-310
0.2
0.2
0.2
0.2
0.2
6.91075e-310
6.91075e-310
6.91075e-310
0.2
0.2
0.0566719
0.2
6.91075e-310
0.00297323
0.2
0.2
0.2
0.2
0.0403459
0.00519314
0.2
0.2
0.2
6.91075e-310
6.91075e-310
6.91075e-310
6.91075e-310
0.2
0.2
0.2
6.91075e-310
0.2
6.91075e-310
0.2
0.2
6.91075e-310
0.2
0.2
0.0763572
6.91075e-310
6.91075e-310
0.2
6.91075e-310
0.2
6.91075e-310
0.2
0.2
0.0315492
0.2
0.0351699
0.2
6.91075e-310
6.91075e-310
0.151573
6.91075e-310
0.2
0.2
0.2
0.2
0.0692413
6.91075e-310
6.91075e-310
0.2
0.0587159
0.2
6.91075e-310
0.2
6.91075e-310
0.2
0.174963
0.2
0.175711
6.91075e-310
0.2
0.0128151
0.0439639
6.91075e-310
0.0333658
0.2
0.2
6.91075e-310
6.91075e-310
6.91075e-310
6.91075e-310
0.0024511
6.91075e-310
6.91075e-310
6.91075e-310
0.0219483
0.2
0.2
6.91075e-310
0.2
6.91075e-310
0.2
0.2
6.91075e-310
6.91075e-310
6.91075e-310
6.91075e-310
0.2
0.2
6.91075e-310
6.91075e-310
0.2
0.140816
0.0180088
0.2
0.2
6.91075e-310
0.170544
0.2
0.042596
0.166623
0.2
0.0279801
0.2
0.0686136
0.0134542
0.2
0.2
0.2
6.91075e-310
0.2
0.2
0.2
0.2
0.2
6.91075e-310
0.2
0.2
0.2
6.91075e-310
0.2
0.2
6.91075e-310
0.0155139
6.91075e-310
0.2
0.2
0.025306
0.2
0.2
6.91075e-310
6.91075e-310
0.2
0.2
0.0713398
0.2
0.2
6.91075e-310
0.2
0.2
0.0862444
6.91075e-310
6.91075e-310
6.91075e-310
0.00205314
0.2
0.2
0.2
0.0312533
6.91075e-310
6.91075e-310
6.91075e-310
6.91075e-310
0.0346776
6.91075e-310
0.156821
6.91075e-310
6.91075e-310
0.2
0.00702201
0.2
0.2
0.2
0.0812426
0.2
0.2
0.0931657
0.2
0.182085
6.91075e-310
0.2
6.91075e-310
6.91075e-310
6.91075e-310
0.2
0.2
6.91075e-310
0.2
6.91075e-310
6.91075e-310
6.91075e-310
6.91075e-310
0.2
0.054516
0.2
6.91075e-310
6.91075e-310
6.91075e-310
6.91075e-310
6.91075e-310
0.2
0.171577
0.2
6.91075e-310
0.2
0.2
6.91075e-310
0.2
0.2
0.0775776
0.11702
0.0732773
0.2
0.2
0.0459889
0.034079
6.91075e-310
6.91075e-310
0.2
0.154972
6.91075e-310
6.91075e-310
0.2
0.0177457
6.91075e-310
0.2
6.91075e-310
0.2
0.2
0.2
6.91075e-310
6.91075e-310
0.2
0.2
0.2
6.91075e-310
0.0802057
0.2
0.00541117
0.2
0.2
0.0429501
0.2
0.2
6.91075e-310
0.0210714
0.2
0.2
6.91075e-310
6.91075e-310
0.2
0.107756
0.0329268
0.0394253
0.0366314
0.2
0.0183751
6.91075e-310
0.2
0.2
6.91075e-310
6.91075e-310
6.91075e-310
6.91075e-310
0.2
0.2
0.0481456
0.2
6.91075e-310
6.91075e-310
0.0221114
0.2
6.91075e-310
0.2
0.0078938
6.91075e-310
0.2
6.91075e-310
0.2
0.2
6.91075e-310
6.91075e-310
0.2
6.91075e-310
6.91075e-310
0.0504404
6.91075e-310
0.2
6.91075e-310
6.91075e-310
0.2
0.00561166
0.2
0.0865168
0.2
0.2
0.2
6.91075e-310
0.0387007
0.2
0.2
0.0263456
0.2
0.00342234
0.2
6.91075e-310
6.91075e-310
0.2
0.0708101
6.91075e-310
0.2
6.91075e-310
6.91075e-310
6.91075e-310
0.2
0.2
0.14482
6.91075e-310
6.91075e-310
6.91075e-310
0.2
0.2
0.2
6.91075e-310
6.91075e-310
0.2
0.2
0.2
6.91075e-310
0.2
6.91075e-310
0.2
0.124127
6.91075e-310
0.2
6.91075e-310
6.91075e-310
6.91075e-310
6.91075e-310
0.2
0.00739507
6.91075e-310
0.2
6.91075e-310
0.2
6.91075e-310
0.2
6.91075e-310
0.2
0.2
6.91075e-310
0.2
6.91075e-310
6.91075e-310
6.91075e-310
0.0528823
6.91075e-310
0.183167
0.155213
0.17954
6.91075e-310
0.2
0.2
0.2
6.91075e-310
6.91075e-310
0.2
6.91075e-310
0.2
0.2
6.91075e-310
0.2
6.91075e-310
0.2
0.2
6.91075e-310
0.2
0.2
0.2
6.91075e-310
6.91075e-310
0.2
0.2
6.91075e-310
0.2
0.2
6.91075e-310
6.91075e-310
0.2
0.193638
0.2
0.2
6.91075e-310
0.2
0.2
0.0241784
6.91075e-310
6.91075e-310
6.91075e-310
0.2
6.91075e-310
0.2
0.2
0.174086
0.2
0.2
0.2
0.0693367
0.2
0.2
0.2
0.151415
0.2
0.00157339
0.2
6.91075e-310
6.91075e-310
6.91075e-310
6.91075e-310
0.00694843
0.000152245
0.2
0.0419912
0.0467916
6.91075e-310
0.2
6.91075e-310
0.2
0.2
6.91075e-310
0.139865
0.00549378
6.91075e-310
0.2
0.00369806
0.2
0.00349065
6.91075e-310
0.0630122
6.91075e-310
6.91075e-310
0.0117941
0.2
6.91075e-310
0.2
0.2
0.2
0.2
0.2
6.91075e-310
0.0364033
0.2
6.91075e-310
0.2
6.91075e-310
0.2
0.2
0.2
0.2
6.91075e-310
6.91075e-310
0.2
0.2
0.2
0.2
0.2
0.2
0.177076
0.2
0.0332514
0.0544156
0.2
6.91075e-310
6.91075e-310
0.2
0.0532099
0.2
0.2
6.91075e-310
0.2
0.2
0.2
0.2
0.2
0.0771612
0.2
0.2
6.91075e-310
0.2
0.2
0.0424548
0.0643574
0.2
0.2
6.91075e-310
6.91075e-310
0.2
6.91075e-310
0.2
6.91075e-310
0.2
6.91075e-310
0.2
6.91075e-310
6.91075e-310
0.0809115
0.00954969
0.0382999
6.91075e-310
0.00421289
6.91075e-310
0.2
0.2
6.91075e-310
6.91075e-310
0.2
0.0455456
0.2
0.0568721
0.2
0.2
0.0117706
6.91075e-310
0.2
0.2
6.91075e-310
6.91075e-310
6.91075e-310
6.91075e-310
0.2
0.2
0.0259522
0.2
0.153353
0.2
0.0328789
0.157713
0.2
0.124828
6.91075e-310
0.0028285
0.0599706
6.91075e-310
0.2
0.0858266
0.2
0.2
0.2
6.91075e-310
0.2
6.91075e-310
0.2
6.91075e-310
0.037193
0.2
0.2
6.91075e-310
6.91075e-310
6.91075e-310
0.2
0.00646977
6.91075e-310
0.2
0.2
6.91075e-310
6.91075e-310
0.2
0.2
0.0125414
0.2
0.2
0.2
6.91075e-310
0.2
6.91075e-310
0.0166722
6.91075e-310
0.2
6.91075e-310
0.2
0.2
6.91075e-310
0.2
6.91075e-310
0.2
6.91075e-310
0.2
0.2
6.91075e-310
6.91075e-310
0.0709718
6.91075e-310
0.2
6.91075e-310
0.2
0.2
0.2
6.91075e-310
0.00439292
0.2
0.2
6.91075e-310
0.2
6.91075e-310
0.2
0.2
0.0325476
6.91075e-310
0.2
0.2
0.2
6.91075e-310
0.2
6.91075e-310
0.2
0.2
6.91075e-310
0.2
6.91075e-310
0.2
6.91075e-310
0.2
0.073966
6.91075e-310
6.91075e-310
6.91075e-310
0.2
0.2
0.2
0.2
0.2
0.2
6.91075e-310
0.0670514
6.91075e-310
0.2
0.0141026
0.2
0.2
0.2
0.2
0.2
0.2
6.91075e-310
0.2
0.0320397
0.2
6.91075e-310
6.91075e-310
0.2
0.2
0.0160877
6.91075e-310
0.2
6.91075e-310
6.91075e-310
0.00491421
0.2
0.2
0.2
0.2
0.2
6.91075e-310
0.2
0.2
0.2
0.2
0.2
0.2
0.2
0.2
6.91075e-310
0.2
6.91075e-310
6.91075e-310
0.2
0.0597942
0.2
6.91075e-310
0.2
0.0474981
0.2
0.2
0.0255109
0.2
6.91075e-310
0.2
0.2
0.0894811
0.0325753
0.2
6.91075e-310
0.129463
0.2
6.91075e-310
6.91075e-310
0.2
6.91075e-310
6.91075e-310
6.91075e-310
0.040401
0.0173308
0.2
6.91075e-310
6.91075e-310
0.0242145
0.0025195
0.2
6.91075e-310
0.2
0.190115
6.91075e-310
0.2
0.2
0.2
0.2
6.91075e-310
0.0174327
6.91075e-310
0.2
0.2
0.0501533
6.91075e-310
0.117961
0.2
6.91075e-310
6.91075e-310
0.0631744
0.2
6.91075e-310
0.2
6.91075e-310
6.91075e-310
0.2
0.2
6.91075e-310
6.91075e-310
0.0202185
0.2
0.2
6.91075e-310
0.2
0.2
0.2
6.91075e-310
0.2
6.91075e-310
6.91075e-310
0.2
0.2
0.116207
6.91075e-310
0.2
6.91075e-310
0.0791782
0.2
6.91075e-310
0.157581
0.2
6.91075e-310
0.2
0.2
6.91075e-310
6.91075e-310
0.2
0.131853
6.91075e-310
0.2
0.2
0.2
6.91075e-310
0.2
6.91075e-310
0.2
0.2
0.2
0.2
0.2
6.91075e-310
0.2
6.91075e-310
6.91075e-310
0.2
0.2
0.2
0.2
0.2
6.91075e-310
6.91075e-310
0.2
0.00296535
0.2
6.91075e-310
0.0614766
0.2
0.2
6.91075e-310
0.2
0.2
6.91075e-310
0.2
6.91075e-310
0.166309
6.91075e-310
0.2
0.0565529
0.2
6.91075e-310
0.2
0.2
0.2
0.2
0.2
6.91075e-310
0.0784084
0.2
6.91075e-310
0.2
6.91075e-310
6.91075e-310
6.91075e-310
0.2
0.174878
6.91075e-310
6.91075e-310
0.2
6.91075e-310
0.2
6.91075e-310
0.0276098
0.2
6.91075e-310
0.2
0.196477
6.91075e-310
0.2
0.2
0.2
0.00941745
6.91075e-310
0.2
0.2
0.2
0.2
0.00657039
0.2
0.0595266
0.2
0.2
6.91075e-310
6.91075e-310
0.0139858
0.2
0.2
0.2
6.91075e-310
0.2
6.91075e-310
0.00489112
6.91075e-310
6.91075e-310
6.91075e-310
6.91075e-310
6.91075e-310
6.91075e-310
6.91075e-310
0.037066
0.2
0.2
0.2
0.2
6.91075e-310
0.0783584
0.2
0.2
0.2
0.2
6.91075e-310
0.2
0.2
0.0384514
0.2
0.2
0.2
0.2
0.2
0.2
0.2
6.91075e-310
0.2
6.91075e-310
0.0773408
0.2
0.0123744
0.2
0.2
6.91075e-310
6.91075e-310
0.2
5.12118e-06
0.2
6.91075e-310
0.2
6.91075e-310
0.0698758
0.0153023
6.91075e-310
0.0444919
6.91075e-310
0.2
0.2
0.2
0.2
0.121855
0.2
6.91075e-310
0.2
0.2
0.2
0.2
6.91075e-310
6.91075e-310
0.2
0.0120202
0.2
6.91075e-310
0.0603048
6.91075e-310
0.2
0.2
0.0865539
0.063739
0.0105753
0.0717901
0.2
0.2
6.91075e-310
0.00218463
0.2
0.2
6.91075e-310
6.91075e-310
6.91075e-310
0.2
0.2
0.2
0.182057
6.91075e-310
0.029701
6.91075e-310
6.91075e-310
0.2
0.145892
0.2
6.91075e-310
0.2
0.2
0.2
0.2
0.2
0.155313
0.2
0.0118856
6.91075e-310
6.91075e-310
0.2
0.2
0.2
0.2
6.91075e-310
6.91075e-310
0.144003
0.2
0.2
0.2
6.91075e-310
0.2
0.2
6.91075e-310
0.00371321
0.2
0.2
6.91075e-310
0.2
0.2
0.114639
6.91075e-310
0.2
0.0110204
0.2
0.2
0.2
6.91075e-310
6.91075e-310
0.0571646
6.91075e-310
6.91075e-310
6.91075e-310
6.91075e-310
0.2
6.91075e-310
6.91075e-310
0.2
0.0348803
0.2
0.2
0.2
0.0204558
6.91075e-310
0.2
6.91075e-310
0.2
0.2
0.2
0.2
0.2
0.2
0.2
0.2
0.2
6.91075e-310
6.91075e-310
0.0115931
6.91075e-310
0.2
0.2
6.91075e-310
0.2
0.2
0.0118605
0.2
0.124373
0.2
0.2
0.2
0.2
0.2
0.0997844
0.2
0.2
0.2
0.2
0.2
0.2
0.2
6.91075e-310
0.2
0.2
6.91075e-310
6.91075e-310
0.2
0.2
6.91075e-310
6.91075e-310
0.0296227
0.0635297
6.91075e-310
6.91075e-310
0.2
0.2
6.91075e-310
0.0819404
0.0129333
6.91075e-310
0.2
0.0252825
0.2
0.2
6.91075e-310
0.2
0.2
0.2
0.2
0.2
6.91075e-310
0.0121082
0.0159791
6.91075e-310
0.2
0.2
6.91075e-310
0.2
6.91075e-310
0.0907315
0.105294
0.2
0.2
6.91075e-310
0.2
0.2
0.2
0.2
0.2
0.2
0.0692193
0.2
0.2
0.2
0.118379
6.91075e-310
0.2
0.0854297
6.91075e-310
0.2
0.2
6.91075e-310
6.91075e-310
0.2
0.2
6.91075e-310
6.91075e-310
6.91075e-310
6.91075e-310
6.91075e-310
0.2
0.2
6.91075e-310
6.91075e-310
0.2
0.191303
6.91075e-310
0.172579
6.91075e-310
6.91075e-310
6.91075e-310
0.2
0.2
0.11812
0.2
0.2
0.2
0.2
0.2
0.2
6.91075e-310
0.2
0.2
0.0111383
6.91075e-310
6.91075e-310
0.0399583
0.0765796
0.2
6.91075e-310
0.2
0.2
0.2
6.91075e-310
6.91075e-310
0.2
0.2
6.91075e-310
6.91075e-310
6.91075e-310
0.0828855
6.91075e-310
6.91075e-310
0.2
0.2
0.2
0.2
0.2
6.91075e-310
0.081642
0.0411891
0.0536773
0.001064
0.2
0.2
0.0999469
0.2
0.2
0.2
0.2
0.2
0.2
0.0739679
6.91075e-310
0.2
6.91075e-310
0.0549307
0.2
0.2
0.2
0.2
0.2
6.91075e-310
6.91075e-310
0.2
6.91075e-310
0.2
6.91075e-310
6.91075e-310
0.2
0.2
0.0810945
6.91075e-310
0.2
0.2
0.0118154
0.2
0.0756417
0.2
0.2
6.91075e-310
0.2
0.0830966
0.0581091
0.2
0.2
6.91075e-310
6.91075e-310
6.91075e-310
0.2
0.0618921
6.91075e-310
0.2
0.2
0.2
6.91075e-310
0.2
6.91075e-310
0.2
0.19869
0.2
0.2
0.000903535
6.91075e-310
0.2
6.91075e-310
0.2
0.2
6.91075e-310
0.2
0.0788432
0.2
0.2
6.91075e-310
0.2
0.2
0.2
0.2
6.91075e-310
6.91075e-310
0.2
6.91075e-310
0.2
0.0430571
0.2
0.2
0.2
6.91075e-310
0.2
6.91075e-310
0.2
6.91075e-310
0.2
0.0294185
6.91075e-310
6.91075e-310
0.191664
6.91075e-310
0.125128
0.171973
0.2
0.2
6.91075e-310
6.91075e-310
6.91075e-310
0.06111
0.2
0.2
0.2
0.2
0.2
6.91075e-310
6.91075e-310
6.91075e-310
6.91075e-310
0.2
0.00551979
0.2
0.2
0.2
0.2
6.91075e-310
6.91075e-310
0.2
0.0571012
0.0871463
6.91075e-310
0.0142861
6.91075e-310
0.2
0.2
0.2
0.2
0.0122889
0.0148048
0.2
0.2
0.2
6.91075e-310
6.91075e-310
0.2
6.91075e-310
6.91075e-310
0.2
0.2
0.2
0.2
6.91075e-310
0.2
0.2
6.91075e-310
0.00207013
6.91075e-310
0.2
6.91075e-310
6.91075e-310
0.2
0.0210909
6.91075e-310
0.0838205
0.2
6.91075e-310
6.91075e-310
0.0360557
0.2
6.91075e-310
0.2
0.2
6.91075e-310
0.2
0.2
0.2
0.0168136
0.0600674
6.91075e-310
0.2
0.00480853
0.2
0.2
0.2
0.2
6.91075e-310
0.2
0.2
0.2
0.0841819
0.2
0.2
0.2
0.2
6.91075e-310
0.2
0.2
6.91075e-310
0.2
0.2
0.2
6.91075e-310
0.2
0.2
6.91075e-310
6.91075e-310
0.0128586
0.2
0.2
0.2
0.2
6.91075e-310
0.0747087
0.2
0.2
0.2
6.91075e-310
0.0805929
0.2
0.169787
6.91075e-310
0.2
0.2
0.056197
0.2
0.2
0.2
0.2
6.91075e-310
6.91075e-310
0.2
6.91075e-310
0.2
0.185002
6.91075e-310
6.91075e-310
0.2
0.2
0.2
0.2
6.91075e-310
0.2
6.91075e-310
0.2
6.91075e-310
0.2
0.2
0.2
6.91075e-310
0.0804034
0.0256871
0.2
0.2
6.91075e-310
0.2
6.91075e-310
0.2
6.91075e-310
6.91075e-310
6.91075e-310
0.2
0.2
0.2
0.2
6.91075e-310
0.2
0.06664
0.2
0.2
0.0210017
0.2
0.2
0.2
6.91075e-310
0.0624703
6.91075e-310
0.173955
0.2
0.2
0.2
6.91075e-310
6.91075e-310
0.2
0.2
0.2
6.91075e-310
6.91075e-310
6.91075e-310
0.2
0.2
0.2
6.91075e-310
0.2
0.2
0.2
6.91075e-310
6.91075e-310
0.2
0.2
0.2
0.2
6.91075e-310
0.2
6.91075e-310
0.2
0.2
0.2
6.91075e-310
6.91075e-310
0.2
6.91075e-310
0.0566746
0.2
6.91075e-310
6.91075e-310
0.2
6.91075e-310
0.2
0.2
0.2
0.2
0.0319814
0.2
6.91075e-310
6.91075e-310
6.91075e-310
0.00147239
0.2
6.91075e-310
6.91075e-310
0.2
0.149979
0.2
0.0497309
0.0425071
0.00519913
0.2
6.91075e-310
6.91075e-310
0.2
0.2
0.00879735
0.2
6.91075e-310
0.2
0.0933617
6.91075e-310
0.0425886
0.2
0.2
0.182263
0.2
0.0866014
0.2
0.0537111
0.2
0.2
6.91075e-310
0.2
0.2
0.2
0.2
6.91075e-310
0.2
0.0503572
0.2
6.91075e-310
0.2
0.2
0.2
0.2
0.2
6.91075e-310
6.91075e-310
0.2
6.91075e-310
0.2
0.2
0.0857932
0.2
0.0652188
6.91075e-310
0.2
6.91075e-310
0.2
0.2
6.91075e-310
0.2
0.2
0.2
6.91075e-310
0.0872635
6.91075e-310
0.165912
0.0375891
0.2
0.2
0.2
6.91075e-310
6.91075e-310
0.2
0.0804527
6.91075e-310
0.2
0.2
6.91075e-310
0.2
6.91075e-310
0.2
6.91075e-310
6.91075e-310
6.91075e-310
0.2
0.2
0.2
0.2
0.0676714
6.91075e-310
0.2
6.91075e-310
0.2
6.91075e-310
0.2
0.2
0.2
0.2
6.91075e-310
0.0632393
0.2
6.91075e-310
0.05035
0.2
0.2
0.2
6.91075e-310
0.2
0.2
6.91075e-310
0.2
0.067073
0.2
0.0851758
0.2
6.91075e-310
6.91075e-310
6.91075e-310
6.91075e-310
6.91075e-310
6.91075e-310
0.2
0.0745138
0.2
0.2
6.91075e-310
0.2
0.2
6.91075e-310
0.2
6.91075e-310
6.91075e-310
0.2
6.91075e-310
0.2
0.2
0.2
6.91075e-310
6.91075e-310
6.91075e-310
6.91075e-310
0.2
6.91075e-310
0.2
0.2
6.91075e-310
0.2
0.2
0.0857382
0.087636
0.0700451
0.2
0.197483
0.2
0.2
0.2
6.91075e-310
6.91075e-310
6.91075e-310
6.91075e-310
0.2
6.91075e-310
6.91075e-310
0.2
6.91075e-310
0.2
6.91075e-310
6.91075e-310
0.2
0.2
0.2
0.2
0.2
0.0385265
0.2
0.2
0.2
0.2
0.2
6.91075e-310
0.00473501
0.2
6.91075e-310
6.91075e-310
0.2
6.91075e-310
0.2
0.2
0.2
0.0765679
0.2
0.2
0.2
6.91075e-310
6.91075e-310
6.91075e-310
6.91075e-310
0.060586
6.91075e-310
0.2
0.2
6.91075e-310
6.91075e-310
0.2
0.173244
6.91075e-310
0.2
0.2
6.91075e-310
0.015187
6.91075e-310
0.0829348
6.91075e-310
6.91075e-310
6.91075e-310
6.91075e-310
0.2
6.91075e-310
6.91075e-310
0.2
0.2
0.2
6.91075e-310
0.0722845
0.122952
0.2
6.91075e-310
0.00844083
0.2
0.2
0.2
0.0259514
6.91075e-310
0.2
0.2
0.2
0.2
6.91075e-310
0.2
6.91075e-310
0.2
6.91075e-310
6.91075e-310
0.0169677
0.129184
0.2
0.2
0.2
6.91075e-310
0.0245636
0.2
0.2
6.91075e-310
0.006149
0.2
0.0448544
0.2
0.2
0.2
0.2
0.129609
0.2
0.2
6.91075e-310
0.113296
0.2
0.2
6.91075e-310
0.2
6.91075e-310
0.2
0.0351212
6.91075e-310
0.2
0.0219624
0.2
0.0415482
0.2
0.2
0.2
0.2
0.0171972
0.2
0.2
0.2
0.2
0.2
0.2
6.91075e-310
6.91075e-310
0.2
0.2
0.2
0.2
0.2
6.91075e-310
6.91075e-310
0.2
6.91075e-310
6.91075e-310
0.2
0.0190578
0.2
0.0655109
0.2
0.0876554
6.91075e-310
0.2
0.2
0.2
0.0231281
0.2
0.2
6.91075e-310
6.91075e-310
6.91075e-310
6.91075e-310
0.2
0.2
6.91075e-310
0.0777186
0.2
6.91075e-310
0.2
0.2
0.2
6.91075e-310
6.91075e-310
0.2
6.91075e-310
6.91075e-310
0.2
0.2
0.2
6.91075e-310
0.0407869
0.2
0.2
0.2
0.0398792
6.91075e-310
0.2
6.91075e-310
0.0697857
0.0432131
0.2
0.2
0.2
0.2
0.042596
0.2
0.2
0.07314
6.91075e-310
0.2
0.2
0.2
0.2
6.91075e-310
6.91075e-310
6.91075e-310
0.2
0.2
0.2
0.2
6.91075e-310
6.91075e-310
0.0716956
6.91075e-310
0.2
0.2
0.2
6.91075e-310
0.2
0.143531
0.2
0.0812341
6.91075e-310
0.0626256
0.2
0.2
0.0144337
0.2
0.2
0.0120294
0.2
0.2
0.2
0.0778776
6.91075e-310
6.91075e-310
0.2
0.2
0.2
6.91075e-310
0.0204402
0.2
6.91075e-310
0.159668
6.91075e-310
0.2
0.2
6.91075e-310
6.91075e-310
0.2
0.2
0.2
0.0857592
0.2
0.2
6.91075e-310
6.91075e-310
6.91075e-310
6.91075e-310
0.2
6.91075e-310
6.91075e-310
0.2
6.91075e-310
0.2
0.2
0.2
0.2
6.91075e-310
0.2
0.2
0.2
0.0681803
6.91075e-310
6.91075e-310
0.0497207
6.91075e-310
0.2
0.2
0.2
6.91075e-310
0.2
6.91075e-310
6.91075e-310
0.2
0.2
0.2
0.2
6.91075e-310
0.2
6.91075e-310
0.2
6.91075e-310
0.2
0.2
6.91075e-310
0.00847919
0.2
0.0476803
0.2
0.0491231
0.2
0.127645
0.2
0.2
0.2
0.2
6.91075e-310
0.152189
0.2
0.2
6.91075e-310
0.2
6.91075e-310
6.91075e-310
0.0544081
0.2
6.91075e-310
0.0865324
0.2
0.2
0.0275664
6.91075e-310
6.91075e-310
0.0244698
0.0600906
6.91075e-310
0.2
0.2
6.91075e-310
0.2
6.91075e-310
6.91075e-310
0.2
0.2
6.91075e-310
6.91075e-310
0.2
0.0161957
0.2
0.2
0.0365793
0.2
0.00494879
0.2
0.2
0.2
0.2
0.2
6.91075e-310
0.2
0.2
6.91075e-310
0.2
0.2
0.142317
0.0791618
6.91075e-310
6.91075e-310
6.91075e-310
0.151842
6.91075e-310
6.91075e-310
6.91075e-310
6.91075e-310
6.91075e-310
6.91075e-310
0.2
0.2
0.2
0.2
0.2
6.91075e-310
6.91075e-310
6.91075e-310
0.2
6.91075e-310
6.91075e-310
0.2
6.91075e-310
0.2
6.91075e-310
6.91075e-310
0.2
0.2
0.2
0.007942
6.91075e-310
6.91075e-310
0.173971
0.2
0.2
6.91075e-310
0.2
6.91075e-310
0.0279797
0.2
0.0438843
0.2
6.91075e-310
0.2
0.2
0.2
0.2
6.91075e-310
6.91075e-310
6.91075e-310
6.91075e-310
0.2
0.0142213
6.91075e-310
0.2
0.2
0.0110685
0.05499
0.2
0.2
6.91075e-310
0.00992073
0.2
0.2
0.2
0.2
0.2
0.2
0.2
0.2
0.2
0.2
0.0676529
0.0359826
6.91075e-310
6.91075e-310
0.2
6.91075e-310
0.2
0.2
0.2
0.0864264
0.2
6.91075e-310
6.91075e-310
0.2
0.2
6.91075e-310
0.2
6.91075e-310
0.083755
6.91075e-310
0.2
6.91075e-310
0.2
6.91075e-310
6.91075e-310
0.0865934
0.2
0.068361
0.2
0.2
6.91075e-310
0.2
0.065984
6.91075e-310
0.00138299
0.0861708
6.91075e-310
0.2
0.2
0.2
0.2
6.91075e-310
0.2
6.91075e-310
6.91075e-310
6.91075e-310
6.91075e-310
0.2
6.91075e-310
6.91075e-310
0.0232162
0.2
6.91075e-310
6.91075e-310
0.113765
0.2
0.2
6.91075e-310
0.15201
0.2
0.0442519
6.91075e-310
6.91075e-310
6.91075e-310
0.2
6.91075e-310
0.2
6.91075e-310
6.91075e-310
0.2
0.2
0.2
0.2
0.2
0.2
0.2
0.2
0.2
0.2
6.91075e-310
0.2
0.2
0.2
6.91075e-310
0.2
6.91075e-310
0.2
6.91075e-310
0.2
0.129837
0.0317034
0.2
0.2
6.91075e-310
0.2
0.2
0.2
6.91075e-310
0.04456
0.2
0.0606437
0.2
6.91075e-310
6.91075e-310
6.91075e-310
6.91075e-310
6.91075e-310
0.2
6.91075e-310
0.2
6.91075e-310
6.91075e-310
6.91075e-310
6.91075e-310
0.2
6.91075e-310
0.2
6.91075e-310
0.2
6.91075e-310
0.2
0.0172779
0.2
6.91075e-310
0.2
0.2
6.91075e-310
0.2
0.0237329
0.2
0.2
0.2
6.91075e-310
0.2
0.0362935
0.2
0.2
6.91075e-310
0.2
0.2
6.91075e-310
6.91075e-310
6.91075e-310
0.2
6.91075e-310
6.91075e-310
0.2
6.91075e-310
0.187324
0.161832
6.91075e-310
0.2
6.91075e-310
0.2
0.0737497
0.2
6.91075e-310
0.2
6.91075e-310
0.2
0.2
0.2
6.91075e-310
0.2
0.0331753
0.2
6.91075e-310
0.2
6.91075e-310
6.91075e-310
0.2
6.91075e-310
0.2
0.2
6.91075e-310
0.2
0.2
0.2
0.2
0.2
0.2
6.91075e-310
0.2
0.2
6.91075e-310
0.2
6.91075e-310
6.91075e-310
0.2
0.2
0.0867316
0.2
0.2
0.2
0.2
0.0176747
0.2
0.0146809
6.91075e-310
0.2
0.0283917
6.91075e-310
6.91075e-310
6.91075e-310
0.2
0.2
0.2
0.2
0.2
0.0549427
0.2
6.91075e-310
6.91075e-310
6.91075e-310
6.91075e-310
0.2
0.026134
0.0382579
6.91075e-310
0.2
6.91075e-310
0.2
0.2
0.0203637
0.2
0.2
0.0715237
0.2
0.2
0.2
0.2
6.91075e-310
0.2
0.0581425
0.0209807
0.2
6.91075e-310
0.2
0.2
6.91075e-310
0.2
0.2
0.2
6.91075e-310
0.2
0.2
0.2
0.2
0.152607
0.0253481
0.2
0.2
0.00534071
0.0462501
6.91075e-310
6.91075e-310
0.2
0.2
6.91075e-310
0.0488816
0.2
0.2
0.2
6.91075e-310
0.2
0.2
0.0397398
0.2
0.0841719
0.2
6.91075e-310
0.2
6.91075e-310
6.91075e-310
0.2
0.2
6.91075e-310
0.16246
0.2
0.2
6.91075e-310
0.1272
6.91075e-310
0.2
0.2
0.0649013
6.91075e-310
0.2
0.2
0.2
0.2
0.2
6.91075e-310
0.2
0.2
0.2
0.2
0.2
6.91075e-310
0.00405415
6.91075e-310
0.0984473
0.2
6.91075e-310
0.2
0.0269677
0.2
0.2
0.00248107
0.00737574
0.0452657
0.2
0.0199743
0.0136814
6.91075e-310
0.2
0.2
0.2
0.2
0.2
0.2
6.91075e-310
0.2
6.91075e-310
0.130531
6.91075e-310
6.91075e-310
0.2
0.192073
6.91075e-310
6.91075e-310
0.2
0.2
0.2
0.00614264
6.91075e-310
0.2
0.171258
0.2
0.0139962
0.2
6.91075e-310
6.91075e-310
0.2
0.187322
0.2
0.2
0.118002
6.91075e-310
0.2
0.077892
0.140117
0.2
0.2
0.2
0.2
0.0265318
0.2
0.2
0.2
6.91075e-310
0.2
0.2
6.91075e-310
0.2
0.135366
6.91075e-310
6.91075e-310
0.2
0.0514049
6.91075e-310
0.0357051
0.2
6.91075e-310
0.0550319
0.2
6.91075e-310
6.91075e-310
6.91075e-310
6.91075e-310
0.2
6.91075e-310
0.2
0.0728301
0.2
0.2
0.2
6.91075e-310
6.91075e-310
0.2
0.2
0.2
0.2
0.0301404
0.2
6.91075e-310
6.91075e-310
6.91075e-310
6.91075e-310
0.00166308
0.0150475
0.2
0.195729
0.2
0.2
0.2
6.91075e-310
0.2
6.91075e-310
0.2
0.2
6.91075e-310
0.2
0.2
0.00860144
0.2
0.2
0.2
6.91075e-310
0.2
0.2
0.0845525
0.2
0.0760788
0.2
0.2
0.2
0.2
0.2
0.2
0.0384469
0.2
0.2
0.2
6.91075e-310
0.2
0.2
0.2
0.2
6.91075e-310
6.91075e-310
6.91075e-310
0.0761095
0.2
0.2
0.015427
0.2
0.2
0.2
0.148317
0.140702
0.2
0.2
0.2
0.0573774
6.91075e-310
0.2
6.91075e-310
0.0826003
0.2
0.2
0.0146713
6.91075e-310
6.91075e-310
6.91075e-310
0.2
0.2
6.91075e-310
0.2
0.2
6.91075e-310
0.2
0.2
6.91075e-310
0.0711534
6.91075e-310
6.91075e-310
0.0140193
6.91075e-310
0.2
0.2
0.2
0.2
0.2
0.2
0.2
0.2
6.91075e-310
0.2
0.2
6.91075e-310
0.2
0.152865
6.91075e-310
6.91075e-310
0.2
6.91075e-310
0.2
0.0987305
0.0194535
0.2
6.91075e-310
0.2
0.182271
0.2
6.91075e-310
6.91075e-310
6.91075e-310
0.2
0.2
0.2
0.2
0.2
6.91075e-310
6.91075e-310
0.0877222
0.00346049
0.2
6.91075e-310
6.91075e-310
0.2
0.2
6.91075e-310
0.0533488
6.91075e-310
0.2
6.91075e-310
0.034709
6.91075e-310
0.2
0.2
0.2
0.2
6.91075e-310
6.91075e-310
0.2
0.2
0.2
6.91075e-310
0.2
6.91075e-310
6.91075e-310
6.91075e-310
0.0183271
0.00770094
0.2
0.2
0.2
0.2
0.2
0.2
0.2
6.91075e-310
0.2
0.2
6.91075e-310
6.91075e-310
6.91075e-310
0.2
0.2
6.91075e-310
6.91075e-310
0.2
0.2
6.91075e-310
6.91075e-310
0.2
0.2
0.2
6.91075e-310
0.2
0.2
0.2
0.2
6.91075e-310
0.2
0.2
0.2
0.0404198
0.2
0.2
0.2
0.2
6.91075e-310
0.2
0.0574955
0.2
0.2
6.91075e-310
6.91075e-310
0.2
6.91075e-310
0.153141
6.91075e-310
0.2
0.2
0.2
6.91075e-310
0.2
0.2
6.91075e-310
0.2
0.2
6.91075e-310
0.2
0.2
6.91075e-310
0.2
0.2
6.91075e-310
0.2
0.2
0.0297793
0.2
6.91075e-310
0.2
0.0822832
0.0098123
0.2
0.2
0.00231919
6.91075e-310
0.2
0.2
6.91075e-310
0.2
0.2
0.2
6.91075e-310
0.2
0.2
0.2
0.2
0.0812344
0.2
6.91075e-310
0.2
6.91075e-310
0.2
0.2
0.2
0.2
0.2
6.91075e-310
0.0756495
6.91075e-310
0.2
0.2
6.91075e-310
0.2
0.2
0.2
0.00385857
6.91075e-310
0.2
0.0773586
0.2
0.2
0.2
0.2
0.2
0.020615
6.91075e-310
6.91075e-310
0.2
6.91075e-310
0.0417492
0.2
0.2
0.0272643
0.0255391
6.91075e-310
6.91075e-310
0.0160058
6.91075e-310
0.2
6.91075e-310
0.2
0.00183091
0.2
0.2
6.91075e-310
0.2
0.2
6.91075e-310
0.0748188
0.2
0.2
0.0423118
0.2
6.91075e-310
6.91075e-310
0.0205778
6.91075e-310
6.91075e-310
0.2
6.91075e-310
6.91075e-310
0.2
6.91075e-310
0.2
0.2
6.91075e-310
6.91075e-310
0.00815986
0.2
6.91075e-310
0.2
0.2
0.2
0.2
0.2
0.2
6.91075e-310
0.2
0.2
0.2
6.91075e-310
0.2
6.91075e-310
0.2
0.2
0.2
6.91075e-310
6.91075e-310
0.2
6.91075e-310
0.2
0.2
6.91075e-310
0.2
0.2
0.121875
0.2
0.173141
0.2
6.91075e-310
0.2
0.2
0.2
6.91075e-310
0.2
0.2
6.91075e-310
0.2
0.2
6.91075e-310
6.91075e-310
0.0159536
6.91075e-310
0.2
6.91075e-310
0.2
6.91075e-310
0.2
0.2
0.2
0.2
6.91075e-310
0.2
6.91075e-310
6.91075e-310
6.91075e-310
0.2
0.2
6.91075e-310
6.91075e-310
0.0396708
6.91075e-310
0.2
0.2
0.0842289
0.2
0.2
6.91075e-310
6.91075e-310
6.91075e-310
0.2
6.91075e-310
0.0582958
0.2
6.91075e-310
0.2
6.91075e-310
6.91075e-310
6.91075e-310
0.2
6.91075e-310
0.2
0.2
0.2
0.0124918
0.0475328
6.91075e-310
0.2
0.2
6.91075e-310
6.91075e-310
0.2
6.91075e-310
0.2
0.134852
6.91075e-310
0.2
0.2
6.91075e-310
0.2
6.91075e-310
0.2
6.91075e-310
0.2
6.91075e-310
0.00839343
6.91075e-310
0.2
6.91075e-310
0.2
0.2
0.2
0.2
0.2
0.2
0.2
0.00529638
0.2
0.2
0.2
0.2
6.91075e-310
0.0453629
0.2
6.91075e-310
0.2
0.2
0.2
6.91075e-310
0.147684
6.91075e-310
0.2
0.2
0.2
6.91075e-310
0.2
0.2
6.91075e-310
0.2
0.00703846
0.00721886
0.2
6.91075e-310
0.2
0.2
0.2
0.2
0.0177561
0.2
0.2
0.2
0.2
0.2
0.2
0.00578024
0.2
0.2
0.2
6.91075e-310
0.2
6.91075e-310
0.2
6.91075e-310
6.91075e-310
0.032898
0.2
6.91075e-310
6.91075e-310
6.91075e-310
0.0846331
0.2
0.095012
0.2
0.00603907
0.2
0.2
0.2
6.91075e-310
0.2
0.2
0.2
0.2
0.2
0.2
6.91075e-310
0.2
6.91075e-310
6.91075e-310
6.91075e-310
6.91075e-310
0.2
6.91075e-310
6.91075e-310
6.91075e-310
6.91075e-310
0.2
0.0155272
6.91075e-310
0.2
0.2
0.0443328
0.2
6.91075e-310
0.2
0.2
6.91075e-310
0.2
6.91075e-310
6.91075e-310
6.91075e-310
0.2
6.91075e-310
6.91075e-310
0.2
0.2
0.2
6.91075e-310
0.2
6.91075e-310
0.0691921
0.2
0.2
0.2
0.2
0.2
6.91075e-310
0.2
6.91075e-310
0.2
6.91075e-310
6.91075e-310
6.91075e-310
6.91075e-310
0.2
0.00231787
6.91075e-310
6.91075e-310
6.91075e-310
0.0730201
0.2
0.14698
0.217035
6.92121e-310
6.92121e-310
0.6
6.92121e-310
6.92121e-310
6.92121e-310
6.92121e-310
0.0888419
0.406209
6.92121e-310
6.92121e-310
6.92121e-310
6.92121e-310
0.390233
0.0824554
6.92121e-310
0.0441933
6.92121e-310
6.92121e-310
6.92121e-310
6.92121e-310
6.92121e-310
6.92121e-310
6.92121e-310
6.92121e-310
0.28097
6.92121e-310
6.92121e-310
0.6
6.92121e-310
6.92121e-310
6.92121e-310
6.92121e-310
6.92121e-310
6.92121e-310
0.380252
6.92121e-310
6.92121e-310
6.92121e-310
6.92121e-310
6.92121e-310
6.92121e-310
6.92121e-310
6.92121e-310
6.92121e-310
6.92121e-310
6.92121e-310
6.92121e-310
6.92121e-310
6.92121e-310
6.92121e-310
6.92121e-310
6.92121e-310
6.92121e-310
6.92121e-310
6.92121e-310
6.92121e-310
6.92121e-310
6.92121e-310
6.92121e-310
6.92121e-310
6.92121e-310
0.0334818
6.92121e-310
6.92121e-310
0.6
6.92121e-310
0.275605
6.92121e-310
6.92121e-310
6.92121e-310
6.92121e-310
6.92121e-310
6.92121e-310
6.92121e-310
6.92121e-310
6.92121e-310
6.92121e-310
6.92121e-310
6.92121e-310
6.92121e-310
6.92121e-310
6.92121e-310
6.92121e-310
6.92121e-310
0.6
0.378336
6.92121e-310
6.92121e-310
0.342476
0.207119
6.92121e-310
6.92121e-310
6.92121e-310
6.92121e-310
6.92121e-310
6.92121e-310
6.92121e-310
6.92121e-310
0.203678
6.92121e-310
0.351153
6.92121e-310
6.92121e-310
6.92121e-310
6.92121e-310
0.180157
6.92121e-310
6.92121e-310
6.92121e-310
0.274978
6.92121e-310
6.92121e-310
6.92121e-310
6.92121e-310
6.92121e-310
6.92121e-310
6.92121e-310
6.92121e-310
6.92121e-310
6.92121e-310
6.92121e-310
6.92121e-310
6.92121e-310
6.92121e-310
6.92121e-310
6.92121e-310
6.92121e-310
6.92121e-310
6.92121e-310
0.410831
6.92121e-310
6.92121e-310
6.92121e-310
6.92121e-310
0.344596
0.0390364
6.92121e-310
6.92121e-310
6.92121e-310
6.92121e-310
0.182285
0.6
6.92121e-310
0.6
6.92121e-310
6.92121e-310
0.6
6.92121e-310
6.92121e-310
6.92121e-310
6.92121e-310
6.92121e-310
0.0252683
6.92121e-310
0.6
0.6
6.92121e-310
6.92121e-310
6.92121e-310
6.92121e-310
6.92121e-310
6.92121e-310
6.92121e-310
6.92121e-310
6.92121e-310
6.92121e-310
0.138858
0.391885
0.0101723
6.92121e-310
6.92121e-310
6.92121e-310
6.92121e-310
6.92121e-310
0.247391
6.92121e-310
6.92121e-310
0.6
6.92121e-310
0.245109
6.92121e-310
6.92121e-310
6.92121e-310
6.92121e-310
6.92121e-310
6.92121e-310
6.92121e-310
6.92121e-310
6.92121e-310
0.011264
0.303807
6.92121e-310
6.92121e-310
6.92121e-310
6.92121e-310
0.190912
6.92121e-310
6.92121e-310
6.92121e-310
0.381202
0.0586493
6.92121e-310
6.92121e-310
6.92121e-310
0.0384428
6.92121e-310
6.92121e-310
0.084269
6.92121e-310
0.398437
0.359103
6.92121e-310
6.92121e-310
0.232602
6.92121e-310
6.92121e-310
6.92121e-310
6.92121e-310
6.92121e-310
6.92121e-310
6.92121e-310
0.040105
0.224119
0.182657
0.6
0.6
6.92121e-310
6.92121e-310
6.92121e-310
6.92121e-310
6.92121e-310
6.92121e-310
6.92121e-310
6.92121e-310
6.92121e-310
0.220168
6.92121e-310
6.92121e-310
6.92121e-310
6.92121e-310
6.92121e-310
6.92121e-310
6.92121e-310
6.92121e-310
6.92121e-310
6.92121e-310
6.92121e-310
6.92121e-310
0.110714
6.92121e-310
6.92121e-310
6.92121e-310
6.92121e-310
6.92121e-310
6.92121e-310
0.0743278
6.92121e-310
6.92121e-310
6.92121e-310
6.92121e-310
6.92121e-310
6.92121e-310
6.92121e-310
6.92121e-310
6.92121e-310
6.92121e-310
6.92121e-310
6.92121e-310
6.92121e-310
6.92121e-310
6.92121e-310
6.92121e-310
6.92121e-310
6.92121e-310
6.92121e-310
6.92121e-310
6.92121e-310
6.92121e-310
6.92121e-310
6.92121e-310
0.0320223
6.92121e-310
6.92121e-310
6.92121e-310
6.92121e-310
6.92121e-310
6.92121e-310
6.92121e-310
6.92121e-310
6.92121e-310
6.92121e-310
0.6
6.92121e-310
0.242311
6.92121e-310
0.228371
6.92121e-310
6.92121e-310
6.92121e-310
0.368576
6.92121e-310
6.92121e-310
6.92121e-310
6.92121e-310
6.92121e-310
6.92121e-310
6.92121e-310
6.92121e-310
6.92121e-310
6.92121e-310
6.92121e-310
6.92121e-310
6.92121e-310
6.92121e-310
6.92121e-310
6.92121e-310
0.0528557
6.92121e-310
6.92121e-310
6.92121e-310
6.92121e-310
6.92121e-310
6.92121e-310
0.395536
6.92121e-310
0.0180922
6.92121e-310
0.147123
6.92121e-310
0.277755
6.92121e-310
0.366662
6.92121e-310
6.92121e-310
6.92121e-310
6.92121e-310
6.92121e-310
6.92121e-310
0.416797
6.92121e-310
6.92121e-310
6.92121e-310
0.381067
6.92121e-310
0.228185
6.92121e-310
0.353473
6.92121e-310
0.468583
6.92121e-310
0.106525
6.92121e-310
6.92121e-310
6.92121e-310
6.92121e-310
6.92121e-310
0.0598424
6.92121e-310
6.92121e-310
6.92121e-310
0.157835
6.92121e-310
6.92121e-310
0.00160934
6.92121e-310
6.92121e-310
0.116536
6.92121e-310
6.92121e-310
6.92121e-310
6.92121e-310
0.264071
6.92121e-310
6.92121e-310
6.92121e-310
6.92121e-310
6.92121e-310
6.92121e-310
6.92121e-310
0.0326847
6.92121e-310
6.92121e-310
6.92121e-310
6.92121e-310
6.92121e-310
6.92121e-310
0.249174
6.92121e-310
6.92121e-310
6.92121e-310
6.92121e-310
6.92121e-310
6.92121e-310
6.92121e-310
6.92121e-310
6.92121e-310
6.92121e-310
6.92121e-310
0.283115
0.378662
6.92121e-310
6.92121e-310
6.92121e-310
6.92121e-310
6.92121e-310
6.92121e-310
6.92121e-310
6.92121e-310
0.217907
6.92121e-310
6.92121e-310
0.231919
6.92121e-310
6.92121e-310
6.92121e-310
6.92121e-310
6.92121e-310
6.92121e-310
0.156801
6.92121e-310
6.92121e-310
6.92121e-310
6.92121e-310
0.6
0.285005
6.92121e-310
6.92121e-310
6.92121e-310
6.92121e-310
6.92121e-310
6.92121e-310
6.92121e-310
6.92121e-310
6.92121e-310
6.92121e-310
0.207991
6.92121e-310
6.92121e-310
6.92121e-310
0.404526
6.92121e-310
0.6
0.158665
0.39892
6.92121e-310
6.92121e-310
6.92121e-310
6.92121e-310
6.92121e-310
6.92121e-310
6.92121e-310
6.92121e-310
6.92121e-310
6.92121e-310
6.92121e-310
6.92121e-310
6.92121e-310
6.92121e-310
0.255606
6.92121e-310
6.92121e-310
0.315625
0.6
6.92121e-310
6.92121e-310
6.92121e-310
6.92121e-310
6.92121e-310
6.92121e-310
6.92121e-310
0.117431
0.015057
6.92121e-310
6.92121e-310
6.92121e-310
6.92121e-310
0.179302
6.92121e-310
6.92121e-310
6.92121e-310
0.357866
6.92121e-310
0.6
6.92121e-310
6.92121e-310
6.92121e-310
6.92121e-310
6.92121e-310
0.0713645
0.0842839
6.92121e-310
6.92121e-310
6.92121e-310
6.92121e-310
0.140114
0.416824
6.92121e-310
6.92121e-310
6.92121e-310
6.92121e-310
0.40982
6.92121e-310
6.92121e-310
6.92121e-310
6.92121e-310
6.92121e-310
6.92121e-310
6.92121e-310
6.92121e-310
6.92121e-310
6.92121e-310
0.175153
6.92121e-310
6.92121e-310
6.92121e-310
6.92121e-310
6.92121e-310
0.335841
6.92121e-310
6.92121e-310
6.92121e-310
6.92121e-310
6.92121e-310
6.92121e-310
6.92121e-310
6.92121e-310
6.92121e-310
6.92121e-310
0.0380039
6.92121e-310
6.92121e-310
6.92121e-310
6.92121e-310
6.92121e-310
6.92121e-310
6.92121e-310
6.92121e-310
0.112109
6.92121e-310
6.92121e-310
6.92121e-310
6.92121e-310
0.366487
0.395815
0.196346
0.188459
6.92121e-310
6.92121e-310
6.92121e-310
6.92121e-310
0.38235
6.92121e-310
6.92121e-310
0.211629
6.92121e-310
0.0933006
6.92121e-310
0.0147748
6.92121e-310
6.92121e-310
0.324065
6.92121e-310
6.92121e-310
0.149727
6.92121e-310
6.92121e-310
6.92121e-310
6.92121e-310
0.301074
6.92121e-310
6.92121e-310
6.92121e-310
6.92121e-310
6.92121e-310
6.92121e-310
6.92121e-310
6.92121e-310
0.267087
6.92121e-310
6.92121e-310
6.92121e-310
6.92121e-310
6.92121e-310
6.92121e-310
6.92121e-310
6.92121e-310
6.92121e-310
6.92121e-310
6.92121e-310
0.203348
6.92121e-310
6.92121e-310
6.92121e-310
0.301451
6.92121e-310
6.92121e-310
6.92121e-310
6.92121e-310
6.92121e-310
6.92121e-310
6.92121e-310
0.0604858
0.00476588
6.92121e-310
6.92121e-310
6.92121e-310
6.92121e-310
6.92121e-310
6.92121e-310
0.0709803
0.306104
0.6
6.92121e-310
6.92121e-310
6.92121e-310
6.92121e-310
0.136535
6.92121e-310
6.92121e-310
6.92121e-310
6.92121e-310
6.92121e-310
0.0232008
0.248694
6.92121e-310
6.92121e-310
6.92121e-310
6.92121e-310
6.92121e-310
6.92121e-310
0.218301
6.92121e-310
6.92121e-310
6.92121e-310
6.92121e-310
6.92121e-310
0.6
6.92121e-310
6.92121e-310
6.92121e-310
6.92121e-310
6.92121e-310
6.92121e-310
6.92121e-310
0.0683736
6.92121e-310
0.19025
0.127893
0.0269133
6.92121e-310
6.92121e-310
6.92121e-310
0.228161
6.92121e-310
6.92121e-310
6.92121e-310
6.92121e-310
6.92121e-310
0.382655
6.92121e-310
0.418984
6.92121e-310
6.92121e-310
6.92121e-310
6.92121e-310
6.92121e-310
6.92121e-310
6.92121e-310
6.92121e-310
6.92121e-310
6.92121e-310
6.92121e-310
6.92121e-310
6.92121e-310
0.6
6.92121e-310
6.92121e-310
6.92121e-310
6.92121e-310
6.92121e-310
0.212396
6.92121e-310
6.92121e-310
0.119032
6.92121e-310
6.92121e-310
0.6
6.92121e-310
6.92121e-310
6.92121e-310
6.92121e-310
6.92121e-310
0.419645
6.92121e-310
6.92121e-310
6.92121e-310
0.0845189
6.92121e-310
6.92121e-310
6.92121e-310
6.92121e-310
6.92121e-310
6.92121e-310
6.92121e-310
6.92121e-310
6.92121e-310
6.92121e-310
6.92121e-310
6.92121e-310
6.92121e-310
0.33687
6.92121e-310
6.92121e-310
6.92121e-310
6.92121e-310
6.92121e-310
6.92121e-310
6.92121e-310
6.92121e-310
0.0505831
6.92121e-310
6.92121e-310
0.0888891
6.92121e-310
6.92121e-310
6.92121e-310
6.92121e-310
6.92121e-310
6.92121e-310
6.92121e-310
6.92121e-310
6.92121e-310
6.92121e-310
6.92121e-310
6.92121e-310
6.92121e-310
6.92121e-310
0.336826
6.92121e-310
6.92121e-310
6.92121e-310
6.92121e-310
6.92121e-310
6.92121e-310
6.92121e-310
0.6
6.92121e-310
6.92121e-310
6.92121e-310
6.92121e-310
6.92121e-310
0.6
6.92121e-310
6.92121e-310
6.92121e-310
6.92121e-310
0.344233
0.15975
0.379729
0.6
6.92121e-310
0.338599
6.92121e-310
6.92121e-310
6.92121e-310
6.92121e-310
6.92121e-310
6.92121e-310
6.92121e-310
0.11804
6.92121e-310
6.92121e-310
6.92121e-310
6.92121e-310
6.92121e-310
6.92121e-310
6.92121e-310
6.92121e-310
0.363913
6.92121e-310
6.92121e-310
6.92121e-310
0.212009
0.138319
6.92121e-310
6.92121e-310
6.92121e-310
6.92121e-310
6.92121e-310
6.92121e-310
6.92121e-310
0.6
6.92121e-310
6.92121e-310
6.92121e-310
6.92121e-310
6.92121e-310
6.92121e-310
6.92121e-310
0.6
0.256586
6.92121e-310
6.92121e-310
6.92121e-310
6.92121e-310
6.92121e-310
6.92121e-310
6.92121e-310
6.92121e-310
6.92121e-310
6.92121e-310
6.92121e-310
0.22387
0.159147
6.92121e-310
0.284727
0.269387
6.92121e-310
6.92121e-310
6.92121e-310
6.92121e-310
6.92121e-310
6.92121e-310
6.92121e-310
6.92121e-310
0.465654
6.92121e-310
6.92121e-310
6.92121e-310
6.92121e-310
6.92121e-310
6.92121e-310
6.92121e-310
6.92121e-310
6.92121e-310
6.92121e-310
6.92121e-310
0.391056
0.388787
6.92121e-310
0.2567
6.92121e-310
0.257052
0.0862808
6.92121e-310
0.6
6.92121e-310
0.379562
6.92121e-310
6.92121e-310
6.92121e-310
6.92121e-310
6.92121e-310
0.219047
6.92121e-310
6.92121e-310
0.6
6.92121e-310
6.92121e-310
6.92121e-310
6.92121e-310
6.92121e-310
6.92121e-310
6.92121e-310
6.92121e-310
6.92121e-310
0.126156
6.92121e-310
6.92121e-310
0.17696
6.92121e-310
6.92121e-310
6.92121e-310
6.92121e-310
6.92121e-310
6.92121e-310
0.320667
6.92121e-310
6.92121e-310
0.228399
6.92121e-310
6.92121e-310
6.92121e-310
6.92121e-310
6.92121e-310
6.92121e-310
6.92121e-310
6.92121e-310
0.157481
6.92121e-310
6.92121e-310
6.92121e-310
6.92121e-310
6.92121e-310
0.122023
6.92121e-310
0.351628
6.92121e-310
6.92121e-310
6.92121e-310
6.92121e-310
6.92121e-310
6.92121e-310
6.92121e-310
6.92121e-310
6.92121e-310
6.92121e-310
6.92121e-310
6.92121e-310
6.92121e-310
0.6
6.92121e-310
6.92121e-310
6.92121e-310
0.254886
6.92121e-310
0.0237041
6.92121e-310
0.138706
6.92121e-310
6.92121e-310
6.92121e-310
0.6
6.92121e-310
6.92121e-310
0.179415
6.92121e-310
6.92121e-310
0.376767
6.92121e-310
0.38005
6.92121e-310
6.92121e-310
6.92121e-310
6.92121e-310
6.92121e-310
6.92121e-310
6.92121e-310
6.92121e-310
6.92121e-310
0.0683259
6.92121e-310
6.92121e-310
0.190445
6.92121e-310
6.92121e-310
0.126762
6.92121e-310
0.0166078
6.92121e-310
0.0519188
6.92121e-310
6.92121e-310
6.92121e-310
6.92121e-310
6.92121e-310
6.92121e-310
0.111095
6.92121e-310
6.92121e-310
0.35694
6.92121e-310
6.92121e-310
6.92121e-310
0.0152161
6.92121e-310
6.92121e-310
6.92121e-310
6.92121e-310
6.92121e-310
6.92121e-310
6.92121e-310
6.92121e-310
6.92121e-310
6.92121e-310
6.92121e-310
6.92121e-310
6.92121e-310
6.92121e-310
6.92121e-310
0.6
0.6
6.92121e-310
6.92121e-310
6.92121e-310
6.92121e-310
0.241757
0.6
0.0921011
0.264492
6.92121e-310
6.92121e-310
0.244583
6.92121e-310
0.0751787
6.92121e-310
0.0606347
