1.05007 4.65679
3.08643 6.20888
4.99274 4.91534
4.18743 3.36351
5.74537 7.15231
0.28203 5.33629
5.78387 3.75638
3.27854 6.8529
7.71246 4.58096
6.68717 0.758492
4.93199 6.73664
8.30046 2.03397
1.14718 0.621779
8.55069 3.68903
7.53268 4.21454
4.27606 6.9342
8.05029 4.2721
3.49406 8.52838
7.48904 4.82346
6.7657 0.737742
2.97975 3.09539
8.91477 8.94738
2.91844 8.59389
4.59027 8.9478
2.54427 6.45803
7.34861 1.10866
4.38539 1.4326
5.17972 0.64447
5.30536 2.59458
4.68459 0.492028
7.45991 4.89866
4.68633 4.48521
6.50667 1.21461
3.57739 0.765721
6.35273 5.61894
2.56529 2.50151
1.74936 6.23488
6.32725 7.34119
8.26052 0.253227
8.33086 4.09192
3.78845 7.61693
5.81552 7.56945
4.97162 4.72985
5.85542 1.57038
4.00776 4.76301
1.63077 5.15037
7.15021 0.584053
0.998106 1.26165
4.6894 0.234018
0.543201 5.19793
0.621925 3.75125
4.35607 2.82448
0.561611 8.56645
8.03133 5.53164
7.69695 4.11659
2.32816 6.003
4.95239 5.75815
6.68902 3.47787
6.13634 0.033212
2.03666 8.21907
1.37538 4.60453
8.50335 2.52268
3.23031 2.66302
6.77277 0.0344181
0.617061 7.5046
0.981651 0.508351
5.93577 4.55643
1.83709 7.59368
1.95232 8.2253
4.1356 3.51304
5.7647 5.04538
5.74385 6.76872
3.72157 1.58516
0.479306 7.58674
7.89979 7.64023
3.04067 1.70259
5.50966 3.78619
3.68965 8.53206
1.96544 8.57375
0.769241 7.84371
4.75153 0.378686
1.22087 8.26364
6.30899 3.09637
4.6582 2.10817
0.671886 4.78229
6.6127 1.0652
2.86811 6.47467
5.47391 5.89036
1.07346 6.29628
1.93847 1.79811
8.56342 3.49089
5.9294 6.64807
0.752785 5.72346
6.57631 0.923035
4.59819 6.94348
4.40694 4.9864
8.75488 0.763062
3.67069 0.366892
5.83467 5.20841
8.16299 7.75273
4.76169 6.60247
5.33425 2.54868
7.93089 4.34565
5.49212 1.73184
6.71338 6.79526
4.26006 3.76649
2.95877 1.66999
8.92382 1.8005
4.58912 7.24456
8.53475 3.37268
5.25977 6.5258
0.356007 1.50655
1.68507 5.81159
2.41081 7.27815
1.79965 1.47086
8.9734 1.13113
3.92902 8.35465
5.9081 6.88125
3.94634 8.28103
6.02454 2.5895
3.11147 3.06713
2.25106 8.30439
4.32604 6.1299
2.39508 4.66188
2.6759 7.97385
3.33726 3.01067
0.266003 5.56395
6.14264 8.51202
0.963056 2.69752
1.16116 3.22199
7.69991 0.159677
0.591482 3.63437
3.49363 0.432342
6.20819 2.62147
1.65116 8.76786
4.868 3.91247
0.632057 0.758374
1.64755 2.13492
1.58252 8.606
8.91688 7.31597
3.77628 1.80651
1.5664 2.04276
3.88081 5.3603
0.670603 0.853647
8.22855 7.81628
1.64428 6.89059
5.25729 2.61014
4.84153 2.59714
2.55183 5.79658
0.919702 2.81176
2.0449 8.58649
6.10693 3.09045
2.825 0.634718
6.19067 1.58173
0.872311 2.97821
0.0973518 6.71948
3.43861 3.08511
5.70978 5.4222
7.02493 0.592016
0.304336 6.1213
5.07178 4.73659
0.026204 4.54144
2.11876 5.80848
0.164215 7.72504
7.23322 7.68104
0.382728 7.86357
1.5181 6.53221
0.459412 3.94213
3.69476 8.55038
6.47492 3.69353
3.47877 0.20624
5.01092 8.19508
6.05561 8.33889
8.80353 5.15996
5.66161 2.57063
6.2747 2.04569
0.716737 5.57099
1.62875 7.01884
6.17323 3.49528
7.38982 5.88068
3.77107 3.72955
3.61068 5.9478
1.24257 3.13056
1.27755 0.662219
6.2527 1.38473
0.20296 1.63683
5.15088 1.28055
7.09698 4.45824
2.2094 6.68423
0.0112643 3.81666
0.842349 1.9439
3.34439 5.03148
0.91424 1.75573
2.73607 0.561243
0.181258 5.10911
8.15724 5.18774
7.20048 1.03745
3.41065 7.70391
3.33396 2.40041
7.05935 0.383293
5.78475 7.29685
1.10981 8.49039
4.20122 2.77111
4.40652 4.22599
1.70702 3.72374
8.44821 1.86938
5.93658 0.960808
1.47263 6.95408
2.88626 6.52726
1.77427 6.29722
2.62926 8.026
3.49269 1.90644
6.27298 1.27829
6.74098 7.13013
7.28747 6.16729
3.50539 4.0338
1.45508 6.57936
1.97832 7.28935
4.94568 7.63389
2.82608 3.32323
3.93205 4.40588
7.22021 0.781636
7.57467 1.06499
2.88466 4.07517
1.90725 7.25137
7.42541 2.3891
1.73201 1.2778
1.13491 3.09052
3.13356 1.16706
2.88592 6.78262
6.06791 3.00374
6.50423 2.09165
0.586984 0.850161
0.444133 5.08911
0.886918 3.04477
6.34137 7.84403
6.1279 5.26191
1.94859 2.59012
1.01455 8.99195
8.82199 2.32183
0.541064 8.16799
0.127533 0.176397
7.9051 6.74253
0.295174 2.18527
7.4492 6.05828
4.85168 4.07947
1.29318 8.98269
2.76993 4.48716
0.488597 6.12277
1.79199 1.54031
1.07865 8.13706
6.78015 6.30387
1.95749 4.87142
3.60455 5.00529
7.10664 5.13847
1.68205 1.1616
7.77551 1.18288
6.53147 8.31723
6.60082 3.56073
6.30328 8.19998
7.49879 8.07353
4.74082 6.64349
0.776419 1.78493
8.83672 6.06037
0.606338 3.98769
6.00036 6.79656
2.51221 5.76517
1.64451 1.17855
1.95703 7.30717
7.38439 8.45274
4.51712 1.77655
2.63043 3.74365
3.52709 3.67136
8.86432 8.33755
8.29967 1.6527
0.374305 5.0141
5.54727 4.44252
3.67536 8.94153
3.1159 5.886
5.23095 0.28727
2.3604 0.784772
2.86554 2.90526
1.01058 4.63348
5.51874 3.46858
7.82519 6.90077
4.81568 7.64843
7.90269 3.40679
1.95013 4.96756
1.467 7.01944
0.129258 6.6178
6.99769 5.07101
8.4994 5.12888
4.84981 7.63539
1.04425 7.98042
5.02206 4.94855
4.5167 6.84276
2.16854 4.66757
7.54702 2.78613
3.05492 5.71027
0.115494 1.70833
1.47812 2.92501
1.31173 6.84456
8.64438 8.05646
6.62043 1.06499
5.546 1.92344
8.54384 6.96331
1.52707 4.5238
5.74523 0.0553865
1.97605 6.34853
8.0175 0.687842
2.46864 5.28522
3.63456 0.334544
5.87762 6.32183
7.84319 8.58601
8.61312 0.638334
7.52426 8.1406
6.9011 7.37741
5.00998 7.19739
0.227572 4.74417
1.01284 0.889431
3.5425 4.09783
4.04075 4.25658
2.94854 2.16809
6.78528 7.35361
3.26183 2.34093
1.63041 3.91612
6.78163 5.07406
3.76119 2.40694
4.11663 8.71106
6.69776 7.23219
2.73984 7.92486
2.46044 0.887355
2.35575 7.03304
7.52846 7.22028
5.13201 3.22746
3.95798 7.71195
5.96136 2.06932
7.33653 7.8442
5.97687 4.05504
1.29762 4.04875
2.87762 0.916506
5.99084 5.79157
1.89129 0.350896
7.06737 3.189
7.54319 8.04229
5.53551 8.91535
5.05767 4.82236
6.71363 1.54168
3.20131 0.377193
1.43225 6.46454
0.959112 7.3053
3.84233 1.76299
4.58479 2.83592
6.20815 8.9078
5.66021 6.84899
3.37194 8.49676
7.33163 7.33196
6.86146 6.72867
1.52107 3.41127
2.32462 4.78368
6.88009 8.11812
6.09045 3.92932
7.53991 4.22877
7.35204 6.24661
7.38827 2.55123
3.99052 5.4765
8.58723 4.08554
6.30142 3.43288
7.87774 2.8125
2.30354 3.77733
0.995768 8.71716
6.5155 4.31856
3.25325 0.179969
8.83624 2.71669
0.880682 5.45476
7.35481 3.37264
3.85001 8.40093
4.65927 5.24136
0.769096 6.3229
7.2639 0.170165
2.14466 4.25309
0.610397 4.10352
8.41327 2.33428
8.57202 6.80681
8.70762 1.62764
7.72824 1.60888
5.43803 1.42055
8.29952 7.36451
2.62536 8.79142
0.945152 2.38119
4.98924 0.220192
7.0241 5.36569
5.65593 5.91691
5.17915 8.63018
4.55082 0.743543
3.8888 8.24291
4.34398 3.86995
4.29571 8.124
2.61076 0.556833
4.11609 4.77244
7.71616 2.4318
0.670154 2.12013
6.72392 5.86306
1.08075 3.96216
1.01873 2.55033
0.964645 6.1961
2.79478 8.49532
1.35854 8.92878
4.76846 1.05488
8.02119 3.63187
8.74919 7.21326
6.97429 0.281453
3.99572 6.48802
6.92357 4.68824
3.52036 3.08233
2.29987 8.70339
0.454557 4.85045
3.69897 1.32002
3.76361 6.23706
4.95566 8.48841
7.64379 1.07004
7.05551 6.5572
0.300398 7.68555
1.97193 8.17191
3.74029 8.61403
1.50865 4.59072
6.97633 8.30261
5.89829 8.86098
6.7695 1.51572
7.47071 6.5295
1.31152 2.86599
4.30682 8.17647
1.7146 3.34595
3.14865 5.79877
8.78621 5.43641
3.13454 1.95225
6.99401 2.01986
8.82187 5.06016
3.34553 3.69002
6.73814 6.82189
6.69698 3.40579
8.35938 3.56354
4.11342 8.77763
5.00366 5.3748
6.62133 7.74305
3.54629 3.96152
2.31294 1.32302
2.80989 8.60094
1.26329 2.46041
7.83201 8.25602
5.13421 5.75383
8.50652 8.39391
4.96864 5.84753
3.00269 7.2788
1.18083 3.54849
4.08135 3.95183
2.04831 2.11909
2.79096 7.54627
6.93173 8.26698
0.741982 6.14738
5.21172 6.28031
6.89726 0.752942
4.36279 1.41315
2.97941 5.85583
3.54223 7.55903
5.8296 6.14384
3.39672 3.53049
1.80781 5.76375
3.49196 2.84714
2.95392 8.60393
3.49293 0.124122
0.696162 5.49661
0.99059 0.513839
0.708553 4.35823
5.87772 2.5448
5.85005 1.86498
4.48805 2.46089
6.70877 7.99438
6.924 0.749109
6.8563 8.16942
3.07146 2.62625
7.20955 4.77461
3.56828 7.3671
3.32663 2.12969
1.51307 4.66435
6.86651 2.82742
8.69555 8.06671
7.51539 2.74224
7.21308 0.0754983
5.23805 6.73672
1.09939 2.66579
4.51797 4.2196
2.31027 6.76828
7.37039 0.285671
2.17318 7.39164
5.93871 1.70788
8.75715 1.91564
5.36666 6.20842
4.3329 0.995572
1.57466 1.29027
0.867186 8.07491
8.77476 3.92721
5.82072 5.83402
3.78378 0.609351
1.29902 6.19099
1.67262 4.675
8.56534 1.3232
6.56397 1.7562
5.40463 3.22031
0.750907 2.2697
1.80275 3.80745
2.45656 3.32878
4.25623 5.40388
3.3047 2.71046
0.385106 4.09822
2.01726 7.37146
2.57831 3.60856
4.98583 7.00949
7.00541 0.584222
5.54505 3.52374
3.26446 5.32144
7.37571 7.37679
6.85672 6.78881
4.17767 2.61687
1.9056 6.28208
2.58486 7.35724
2.08899 5.50697
1.72849 6.24767
0.61473 0.709768
7.6909 6.85442
3.83649 1.88463
5.67648 1.87776
6.79919 4.26206
3.91158 0.900245
1.21276 7.00962
2.53563 5.90397
4.79189 6.9599
7.0634 0.985413
3.49385 5.51037
5.63429 8.89266
5.10823 1.44841
1.11394 1.54429
2.2946 4.75846
1.60763 2.63517
7.31315 0.00219226
0.159265 1.41879
4.76812 1.51592
7.50837 4.88111
7.97994 0.589023
3.76623 0.958624
8.95564 2.27401
7.70128 6.11409
7.58759 3.6749
1.77615 4.17865
1.67906 0.945861
4.73553 1.71777
4.44451 5.63161
4.88226 8.90809
0.103398 7.03404
3.6854 8.09595
6.39155 6.61461
7.2458 2.28365
1.81937 8.15481
4.87596 6.05469
3.94574 8.61061
4.79994 6.55119
1.32245 2.65044
0.0826012 7.83219
1.49465 4.11846
0.244218 6.70013
3.60261 1.71413
5.7978 6.88881
5.42229 5.15457
8.65831 7.94616
5.92507 8.28561
3.10069 1.58732
4.17554 7.12702
1.15838 4.62617
5.41922 8.21171
0.323927 4.50928
2.70156 8.90921
0.409881 0.40208
0.646413 1.22202
6.68881 6.38396
6.23273 0.0163476
5.71058 5.31682
1.08043 4.31327
1.5644 5.96296
2.81439 0.240953
1.60439 2.3011
2.05308 3.46716
5.60776 5.57556
2.5449 4.33761
3.23198 4.89969
0.160036 8.93972
1.29943 3.14761
6.92367 2.83601
1.54233 1.22597
4.87642 8.8471
1.83729 6.69244
3.38974 4.8224
3.93095 7.66177
0.606154 6.16948
5.69979 5.00687
1.85476 6.62311
7.59431 2.96767
6.10777 1.45971
3.61712 8.51348
6.59285 1.83434
2.43258 0.328695
1.08513 6.16347
1.56383 2.68534
6.50557 4.93841
7.61246 5.00689
4.21655 6.44865
0.122399 7.30556
8.23691 0.199758
0.592938 7.89722
8.41049 6.75217
6.95977 2.45938
0.740381 3.88565
2.0642 8.96839
6.11585 2.44945
6.18766 4.30967
7.79539 2.61441
4.7343 4.38841
1.23667 1.50829
8.84123 2.79465
4.69015 5.27196
7.82778 5.09915
6.52897 7.22546
6.99188 6.34615
3.59234 1.27031
2.6494 6.91943
4.49109 5.50775
8.4878 8.4117
0.894825 0.273872
2.2956 2.81365
0.927036 0.4957
5.53037 6.94593
3.01231 8.51429
0.66891 2.53341
5.66069 0.334489
0.983373 7.89098
2.76853 1.48838
6.69297 7.71765
8.90361 3.1849
6.66551 3.53147
4.37024 5.68315
8.85569 2.72041
8.62954 5.4782
3.86701 3.25252
3.88284 1.50579
2.79789 2.03419
8.93719 6.68477
8.30171 5.51142
7.89335 5.93986
6.02786 3.31243
0.338352 6.61235
3.83632 6.53255
6.30189 5.52759
1.05095 5.00394
8.15617 6.00949
5.96712 8.53211
1.77346 8.6071
6.33461 4.56242
5.0587 8.45237
5.12595 2.09491
3.99704 4.19123
2.60659 7.72834
6.06087 3.68547
3.08496 6.79966
0.600764 2.01611
2.98646 7.71147
0.278155 7.97234
1.49903 7.21549
0.202581 4.78744
4.04098 1.69365
4.88794 7.86598
1.29857 6.31621
8.51888 5.13538
5.69013 5.53857
5.58041 8.46564
3.3402 3.18066
5.70355 3.02177
5.49031 2.79855
1.45571 2.6032
5.4442 6.46
2.83457 8.69754
4.46369 2.46786
2.92939 7.76766
8.28185 8.46328
1.87831 7.33127
6.63916 5.21422
6.41551 0.846479
2.06354 8.59179
7.51565 3.48512
4.26457 0.939389
1.33131 1.07822
3.93689 2.75028
2.05043 6.06523
4.27123 6.53916
3.24192 3.36316
3.70234 1.85766
8.92455 2.70025
8.03606 4.71993
5.84028 7.11073
0.0215125 5.5023
2.90013 8.84042
0.953597 3.00468
3.15485 3.08383
6.97544 3.06952
2.13178 8.12534
8.65544 3.70666
0.215491 0.468385
4.0485 7.17761
0.29968 0.0328845
8.81164 6.46716
5.98241 1.52602
5.34901 2.00763
6.72294 0.684716
5.7473 5.29096
5.10186 2.16342
8.72912 3.40589
6.86015 6.78758
6.08034 2.83698
8.16986 2.78737
3.79224 1.60491
1.02494 2.14339
6.71445 0.509436
3.78896 5.04938
2.63845 8.58585
2.86873 1.14047
1.56092 0.755037
2.93949 5.32452
3.80821 3.94243
1.74649 6.2588
5.721 4.14554
5.67825 1.45428
2.45696 1.32278
3.94457 6.87034
8.81096 5.14163
6.01305 3.09501
5.17638 7.51873
7.06371 8.94066
2.28819 5.76572
3.60671 7.20177
0.224207 6.41364
8.64499 3.05028
0.415722 4.39076
1.32903 6.14443
0.99383 6.1525
3.98454 3.17882
7.31426 6.83269
7.07756 3.91006
4.87163 6.17589
1.77344 2.8164
5.2351 2.83401
0.590925 7.54117
1.56108 5.60042
1.37562 2.87189
1.31818 0.984278
8.36121 3.14716
6.62084 7.3324
5.92145 0.675962
6.09089 0.140016
8.26838 8.461
8.54904 8.08495
3.19883 5.2918
0.499609 7.57226
8.7802 0.314087
8.93234 4.875
0.646854 3.01861
4.8614 2.7337
8.71561 8.99978
0.174733 0.744864
0.484119 4.35077
3.29072 1.32495
1.00351 7.48485
8.00959 3.39091
8.38683 2.78356
6.45015 6.3065
7.39283 1.94648
4.1675 4.44429
1.78063 3.05491
8.2454 2.18788
5.29452 1.95624
8.52493 3.74546
0.825097 5.35184
0.81557 5.12496
2.02818 2.47485
0.351581 2.20773
4.56857 6.4696
4.04125 8.52216
5.82291 6.30112
8.17441 5.8071
6.64361 8.54606
0.179103 7.34241
4.66139 4.05458
6.58364 2.97502
8.50777 7.99802
2.54345 3.01469
7.31817 8.16514
4.4918 3.35285
2.16045 2.01197
0.456275 4.06823
0.497769 0.376604
4.28991 7.09825
6.50163 4.46386
0.638891 7.48221
2.16096 6.50387
4.83374 0.931811
6.86629 8.30098
2.64601 1.62771
6.67799 4.91726
1.72107 8.86482
6.12234 1.92885
8.24393 8.40591
4.15691 8.19466
5.11838 0.0455551
8.21057 1.05188
6.88491 6.09191
5.27237 5.22536
0.288683 5.35874
4.82071 6.93347
3.5019 6.46834
4.34149 7.43033
8.30074 7.63104
8.23016 5.90688
6.95085 2.87489
8.20848 7.0887
1.95968 6.03859
7.47623 6.63721
8.87903 5.57936
6.49173 6.54595
5.63641 4.83935
6.59613 4.01699
6.34474 1.25195
3.00985 1.98905
4.44134 2.32104
8.62941 8.69117
4.38979 3.31416
8.18219 8.76794
2.28133 3.51958
3.7789 5.2144
5.05047 2.89403
3.48565 7.14113
7.32418 7.81913
7.93083 6.79655
3.10181 3.78562
4.58917 4.08891
8.8724 2.9676
6.98721 0.498028
7.53255 3.84139
7.85553 7.35079
4.28368 3.90619
3.59049 8.10547
8.92306 3.86252
4.19623 2.75852
2.17762 2.27032
4.12099 8.69399
2.40549 0.0508897
3.22634 6.60859
7.83981 0.697492
2.63041 8.4198
5.0769 5.64785
1.85422 6.49604
7.04725 6.5634
7.32654 4.06383
7.03701 3.87072
8.8784 7.71324
2.97722 5.01476
4.3626 6.81524
5.04759 2.36075
5.10584 5.29995
1.37324 3.01737
8.3778 2.60083
1.07107 2.80759
2.09823 4.42211
7.69884 6.04482
0.051299 6.82268
3.52497 5.28638
7.57183 6.21439
4.65201 3.55074
8.97159 5.92365
3.37766 5.859
6.03667 0.916279
2.7463 4.0249
1.92628 7.69817
0.355144 8.50136
3.07504 3.2294
7.41925 3.52213
8.37104 8.26399
1.28993 5.53075
3.23663 4.84255
0.925267 2.24649
0.940846 8.95384
2.84285 2.12402
0.171758 4.6766
3.02776 3.82535
5.20449 6.74071
2.29189 5.13975
3.9891 6.72972
0.340459 7.07925
4.87309 1.21649
8.46367 3.81209
2.30815 0.935077
2.59018 5.0598
4.82147 5.23104
5.03235 0.777355
7.79175 6.19024
6.97165 0.556137
6.69001 2.51279
6.25964 8.16428
0.109678 3.61534
4.61461 6.90039
2.79358 3.18509
6.28704 2.34634
3.43273 3.45681
2.90089 8.12705
1.08858 5.72156
5.49728 7.24947
4.88894 7.18776
2.50318 4.83399
8.441 8.33963
5.28527 0.866088
6.97989 6.65007
6.23829 1.86441
8.31588 5.91679
1.02763 2.63006
1.7581 1.06471
3.91746 7.65428
7.55322 4.56432
6.51515 2.60044
4.87762 1.07781
4.28926 8.38502
3.53914 8.44231
2.41003 6.39437
3.4664 8.11362
2.80314 7.68619
4.03827 6.93569
3.39489 3.59892
3.5367 3.24179
0.757234 2.44509
7.87057 0.423812
5.47538 5.53354
7.53586 6.44595
4.35203 0.200742
4.5808 0.1712
6.75491 4.91016
6.80438 7.81571
1.89554 2.69376
6.55293 2.11081
7.93827 4.31844
7.8517 5.91752
1.71446 4.54575
1.15773 7.41988
6.94379 0.400974
4.55686 7.30796
4.51166 2.67697
4.57553 4.36557
7.68426 3.10638
0.222361 8.7027
0.956544 0.88532
0.694592 8.32862
6.14979 6.8054
1.33461 0.0582943
2.35879 8.70934
3.41991 8.60167
0.0342128 4.37175
5.40627 1.0684
3.81639 3.1541
4.28248 8.32044
1.97959 3.54665
3.79757 6.13631
1.24768 1.3585
3.99084 6.14054
5.12555 5.16438
5.61437 3.62346
2.80146 4.97415
2.89895 5.65643
1.07189 8.68455
5.60044 0.668934
3.73738 7.43244
5.17023 2.66192
7.97642 4.18642
5.5565 2.93325
4.86781 3.79802
6.40025 8.5409
3.98994 4.06162
4.35108 4.94007
1.90163 5.91068
1.21982 6.41672
8.43671 7.16393
0.260426 1.33482
4.05351 8.5518
8.96038 6.5112
1.32088 6.78049
6.48771 1.09638
8.1061 6.18824
